-100.0 -199.0
-99.8 -198.6
-99.6 -198.2
-99.4 -197.8
-99.2 -197.4
-99.0 -197.0
-98.8 -196.6
-98.6 -196.2
-98.4 -195.8
-98.2 -195.4
-98.0 -195.0
-97.8 -194.6
-97.6 -194.2
-97.4 -193.8
-97.2 -193.4
-97.0 -193.0
-96.8 -192.6
-96.6 -192.2
-96.4 -191.8
-96.2 -191.4
-96.0 -191.0
-95.8 -190.6
-95.6 -190.2
-95.4 -189.8
-95.2 -189.4
-95.0 -189.0
-94.8 -188.6
-94.6 -188.2
-94.4 -187.8
-94.2 -187.4
-94.0 -187.0
-93.8 -186.6
-93.6 -186.2
-93.4 -185.8
-93.2 -185.4
-93.0 -185.0
-92.8 -184.6
-92.6 -184.2
-92.4 -183.8
-92.2 -183.4
-92.0 -183.0
-91.8 -182.6
-91.6 -182.2
-91.4 -181.8
-91.2 -181.4
-91.0 -181.0
-90.8 -180.6
-90.6 -180.2
-90.4 -179.8
-90.2 -179.4
-90.0 -179.0
-89.8 -178.6
-89.6 -178.2
-89.4 -177.8
-89.2 -177.4
-89.0 -177.0
-88.8 -176.6
-88.6 -176.2
-88.4 -175.8
-88.2 -175.4
-88.0 -175.0
-87.8 -174.6
-87.6 -174.2
-87.4 -173.8
-87.2 -173.4
-87.0 -173.0
-86.8 -172.6
-86.6 -172.2
-86.4 -171.8
-86.2 -171.4
-86.0 -171.0
-85.8 -170.6
-85.6 -170.2
-85.4 -169.8
-85.2 -169.4
-85.0 -169.0
-84.8 -168.6
-84.6 -168.2
-84.4 -167.8
-84.2 -167.4
-84.0 -167.0
-83.8 -166.6
-83.6 -166.2
-83.4 -165.8
-83.2 -165.4
-83.0 -165.0
-82.8 -164.6
-82.6 -164.2
-82.4 -163.8
-82.2 -163.4
-82.0 -163.0
-81.8 -162.6
-81.6 -162.2
-81.4 -161.8
-81.2 -161.4
-81.0 -161.0
-80.8 -160.6
-80.6 -160.2
-80.4 -159.8
-80.2 -159.4
-80.0 -159.0
-79.8 -158.6
-79.6 -158.2
-79.4 -157.8
-79.2 -157.4
-79.0 -157.0
-78.8 -156.6
-78.6 -156.2
-78.4 -155.8
-78.2 -155.4
-78.0 -155.0
-77.8 -154.6
-77.6 -154.2
-77.4 -153.8
-77.2 -153.4
-77.0 -153.0
-76.8 -152.6
-76.6 -152.2
-76.4 -151.8
-76.2 -151.4
-76.0 -151.0
-75.8 -150.6
-75.6 -150.2
-75.4 -149.8
-75.2 -149.4
-75.0 -149.0
-74.8 -148.6
-74.6 -148.2
-74.4 -147.8
-74.2 -147.4
-74.0 -147.0
-73.8 -146.6
-73.6 -146.2
-73.4 -145.8
-73.2 -145.4
-73.0 -145.0
-72.8 -144.6
-72.6 -144.2
-72.4 -143.8
-72.2 -143.4
-72.0 -143.0
-71.8 -142.6
-71.6 -142.2
-71.4 -141.8
-71.2 -141.4
-71.0 -141.0
-70.8 -140.6
-70.6 -140.2
-70.4 -139.8
-70.2 -139.4
-70.0 -139.0
-69.8 -138.6
-69.6 -138.2
-69.4 -137.8
-69.2 -137.4
-69.0 -137.0
-68.8 -136.6
-68.6 -136.2
-68.4 -135.8
-68.2 -135.4
-68.0 -135.0
-67.8 -134.6
-67.6 -134.2
-67.4 -133.8
-67.19999999999999 -133.39999999999998
-67.0 -133.0
-66.8 -132.6
-66.6 -132.2
-66.4 -131.8
-66.19999999999999 -131.39999999999998
-66.0 -131.0
-65.8 -130.6
-65.6 -130.2
-65.4 -129.8
-65.19999999999999 -129.39999999999998
-65.0 -129.0
-64.8 -128.6
-64.6 -128.2
-64.4 -127.80000000000001
-64.19999999999999 -127.39999999999998
-64.0 -127.0
-63.8 -126.6
-63.6 -126.2
-63.4 -125.8
-63.199999999999996 -125.39999999999999
-63.0 -125.0
-62.8 -124.6
-62.6 -124.2
-62.4 -123.8
-62.199999999999996 -123.39999999999999
-62.0 -123.0
-61.8 -122.6
-61.599999999999994 -122.19999999999999
-61.4 -121.8
-61.199999999999996 -121.39999999999999
-61.0 -121.0
-60.8 -120.6
-60.599999999999994 -120.19999999999999
-60.4 -119.8
-60.199999999999996 -119.39999999999999
-60.0 -119.0
-59.8 -118.6
-59.599999999999994 -118.19999999999999
-59.4 -117.8
-59.199999999999996 -117.39999999999999
-59.0 -117.0
-58.8 -116.6
-58.599999999999994 -116.19999999999999
-58.4 -115.8
-58.199999999999996 -115.39999999999999
-58.0 -115.0
-57.8 -114.6
-57.599999999999994 -114.19999999999999
-57.4 -113.8
-57.199999999999996 -113.39999999999999
-57.0 -113.0
-56.8 -112.6
-56.599999999999994 -112.19999999999999
-56.4 -111.8
-56.199999999999996 -111.39999999999999
-56.0 -111.0
-55.8 -110.6
-55.599999999999994 -110.19999999999999
-55.4 -109.8
-55.199999999999996 -109.39999999999999
-55.0 -109.0
-54.8 -108.6
-54.599999999999994 -108.19999999999999
-54.4 -107.8
-54.199999999999996 -107.39999999999999
-54.0 -107.0
-53.8 -106.6
-53.599999999999994 -106.19999999999999
-53.4 -105.8
-53.199999999999996 -105.39999999999999
-53.0 -105.0
-52.8 -104.6
-52.599999999999994 -104.19999999999999
-52.4 -103.8
-52.199999999999996 -103.39999999999999
-52.0 -103.0
-51.8 -102.6
-51.599999999999994 -102.19999999999999
-51.4 -101.8
-51.199999999999996 -101.39999999999999
-51.0 -101.0
-50.8 -100.6
-50.599999999999994 -100.19999999999999
-50.4 -99.8
-50.199999999999996 -99.39999999999999
-50.0 -99.0
-49.8 -98.6
-49.599999999999994 -98.19999999999999
-49.4 -97.8
-49.199999999999996 -97.39999999999999
-49.0 -97.0
-48.8 -96.6
-48.599999999999994 -96.19999999999999
-48.4 -95.8
-48.199999999999996 -95.39999999999999
-48.0 -95.0
-47.8 -94.6
-47.599999999999994 -94.19999999999999
-47.4 -93.8
-47.199999999999996 -93.39999999999999
-47.0 -93.0
-46.8 -92.6
-46.599999999999994 -92.19999999999999
-46.4 -91.8
-46.199999999999996 -91.39999999999999
-46.0 -91.0
-45.8 -90.6
-45.599999999999994 -90.19999999999999
-45.4 -89.8
-45.199999999999996 -89.39999999999999
-45.0 -89.0
-44.8 -88.6
-44.599999999999994 -88.19999999999999
-44.4 -87.8
-44.199999999999996 -87.39999999999999
-44.0 -87.0
-43.8 -86.6
-43.599999999999994 -86.19999999999999
-43.4 -85.8
-43.199999999999996 -85.39999999999999
-43.0 -85.0
-42.8 -84.6
-42.599999999999994 -84.19999999999999
-42.4 -83.8
-42.199999999999996 -83.39999999999999
-42.0 -83.0
-41.8 -82.6
-41.599999999999994 -82.19999999999999
-41.4 -81.8
-41.199999999999996 -81.39999999999999
-41.0 -81.0
-40.8 -80.6
-40.599999999999994 -80.19999999999999
-40.4 -79.8
-40.199999999999996 -79.39999999999999
-40.0 -79.0
-39.8 -78.6
-39.599999999999994 -78.19999999999999
-39.4 -77.8
-39.199999999999996 -77.39999999999999
-39.0 -77.0
-38.8 -76.6
-38.599999999999994 -76.19999999999999
-38.4 -75.8
-38.199999999999996 -75.39999999999999
-38.0 -75.0
-37.8 -74.6
-37.599999999999994 -74.19999999999999
-37.4 -73.8
-37.199999999999996 -73.39999999999999
-37.0 -73.0
-36.8 -72.6
-36.599999999999994 -72.19999999999999
-36.4 -71.8
-36.199999999999996 -71.39999999999999
-36.0 -71.0
-35.8 -70.6
-35.599999999999994 -70.19999999999999
-35.39999999999999 -69.79999999999998
-35.2 -69.4
-35.0 -69.0
-34.8 -68.6
-34.599999999999994 -68.19999999999999
-34.39999999999999 -67.79999999999998
-34.2 -67.4
-34.0 -67.0
-33.8 -66.6
-33.599999999999994 -66.19999999999999
-33.39999999999999 -65.79999999999998
-33.2 -65.4
-33.0 -65.0
-32.8 -64.6
-32.599999999999994 -64.19999999999999
-32.39999999999999 -63.79999999999998
-32.2 -63.400000000000006
-32.0 -63.0
-31.799999999999997 -62.599999999999994
-31.599999999999994 -62.19999999999999
-31.39999999999999 -61.79999999999998
-31.200000000000003 -61.400000000000006
-31.0 -61.0
-30.799999999999997 -60.599999999999994
-30.599999999999994 -60.19999999999999
-30.39999999999999 -59.79999999999998
-30.200000000000003 -59.400000000000006
-30.0 -59.0
-29.799999999999997 -58.599999999999994
-29.599999999999994 -58.19999999999999
-29.39999999999999 -57.79999999999998
-29.200000000000003 -57.400000000000006
-29.0 -57.0
-28.799999999999997 -56.599999999999994
-28.599999999999994 -56.19999999999999
-28.39999999999999 -55.79999999999998
-28.200000000000003 -55.400000000000006
-28.0 -55.0
-27.799999999999997 -54.599999999999994
-27.599999999999994 -54.19999999999999
-27.39999999999999 -53.79999999999998
-27.200000000000003 -53.400000000000006
-27.0 -53.0
-26.799999999999997 -52.599999999999994
-26.599999999999994 -52.19999999999999
-26.39999999999999 -51.79999999999998
-26.200000000000003 -51.400000000000006
-26.0 -51.0
-25.799999999999997 -50.599999999999994
-25.599999999999994 -50.19999999999999
-25.39999999999999 -49.79999999999998
-25.200000000000003 -49.400000000000006
-25.0 -49.0
-24.799999999999997 -48.599999999999994
-24.599999999999994 -48.19999999999999
-24.39999999999999 -47.79999999999998
-24.200000000000003 -47.400000000000006
-24.0 -47.0
-23.799999999999997 -46.599999999999994
-23.599999999999994 -46.19999999999999
-23.39999999999999 -45.79999999999998
-23.19999999999999 -45.39999999999998
-23.0 -45.0
-22.799999999999997 -44.599999999999994
-22.599999999999994 -44.19999999999999
-22.39999999999999 -43.79999999999998
-22.19999999999999 -43.39999999999998
-22.0 -43.0
-21.799999999999997 -42.599999999999994
-21.599999999999994 -42.19999999999999
-21.39999999999999 -41.79999999999998
-21.19999999999999 -41.39999999999998
-21.0 -41.0
-20.799999999999997 -40.599999999999994
-20.599999999999994 -40.19999999999999
-20.39999999999999 -39.79999999999998
-20.19999999999999 -39.39999999999998
-20.0 -39.0
-19.799999999999997 -38.599999999999994
-19.599999999999994 -38.19999999999999
-19.39999999999999 -37.79999999999998
-19.19999999999999 -37.39999999999998
-19.0 -37.0
-18.799999999999997 -36.599999999999994
-18.599999999999994 -36.19999999999999
-18.39999999999999 -35.79999999999998
-18.19999999999999 -35.39999999999998
-18.0 -35.0
-17.799999999999997 -34.599999999999994
-17.599999999999994 -34.19999999999999
-17.39999999999999 -33.79999999999998
-17.19999999999999 -33.39999999999998
-17.0 -33.0
-16.799999999999997 -32.599999999999994
-16.599999999999994 -32.19999999999999
-16.39999999999999 -31.799999999999983
-16.19999999999999 -31.399999999999977
-16.0 -31.0
-15.799999999999997 -30.599999999999994
-15.599999999999994 -30.19999999999999
-15.399999999999991 -29.799999999999983
-15.199999999999989 -29.399999999999977
-15.0 -29.0
-14.799999999999997 -28.599999999999994
-14.599999999999994 -28.19999999999999
-14.399999999999991 -27.799999999999983
-14.199999999999989 -27.399999999999977
-14.0 -27.0
-13.799999999999997 -26.599999999999994
-13.599999999999994 -26.19999999999999
-13.399999999999991 -25.799999999999983
-13.199999999999989 -25.399999999999977
-13.0 -25.0
-12.799999999999997 -24.599999999999994
-12.599999999999994 -24.19999999999999
-12.399999999999991 -23.799999999999983
-12.199999999999989 -23.399999999999977
-12.0 -23.0
-11.799999999999997 -22.599999999999994
-11.599999999999994 -22.19999999999999
-11.399999999999991 -21.799999999999983
-11.199999999999989 -21.399999999999977
-11.0 -21.0
-10.799999999999997 -20.599999999999994
-10.599999999999994 -20.19999999999999
-10.399999999999991 -19.799999999999983
-10.199999999999989 -19.399999999999977
-10.0 -19.0
-9.799999999999997 -18.599999999999994
-9.599999999999994 -18.19999999999999
-9.399999999999991 -17.799999999999983
-9.199999999999989 -17.399999999999977
-9.0 -17.0
-8.799999999999997 -16.599999999999994
-8.599999999999994 -16.19999999999999
-8.399999999999991 -15.799999999999983
-8.199999999999989 -15.399999999999977
-8.0 -15.0
-7.799999999999997 -14.599999999999994
-7.599999999999994 -14.199999999999989
-7.3999999999999915 -13.799999999999983
-7.199999999999989 -13.399999999999977
-7.0 -13.0
-6.799999999999997 -12.599999999999994
-6.599999999999994 -12.199999999999989
-6.3999999999999915 -11.799999999999983
-6.199999999999989 -11.399999999999977
-6.0 -11.0
-5.799999999999997 -10.599999999999994
-5.599999999999994 -10.199999999999989
-5.3999999999999915 -9.799999999999983
-5.199999999999989 -9.399999999999977
-5.0 -9.0
-4.799999999999997 -8.599999999999994
-4.599999999999994 -8.199999999999989
-4.3999999999999915 -7.799999999999983
-4.199999999999989 -7.399999999999977
-4.0 -7.0
-3.799999999999997 -6.599999999999994
-3.5999999999999943 -6.199999999999989
-3.3999999999999915 -5.799999999999983
-3.1999999999999886 -5.399999999999977
-3.0 -5.0
-2.799999999999997 -4.599999999999994
-2.5999999999999943 -4.199999999999989
-2.3999999999999915 -3.799999999999983
-2.1999999999999886 -3.3999999999999773
-2.0 -3.0
-1.7999999999999972 -2.5999999999999943
-1.5999999999999943 -2.1999999999999886
-1.3999999999999915 -1.799999999999983
-1.1999999999999886 -1.3999999999999773
-1.0 -1.0
-0.7999999999999972 -0.5999999999999943
-0.5999999999999943 -0.19999999999998863
-0.3999999999999915 0.20000000000001705
-0.19999999999998863 0.6000000000000227
0.0 1.0
0.20000000000000284 1.4000000000000057
0.4000000000000057 1.8000000000000114
0.6000000000000085 2.200000000000017
0.8000000000000114 2.6000000000000227
1.0 3.0
1.2000000000000028 3.4000000000000057
1.4000000000000057 3.8000000000000114
1.6000000000000085 4.200000000000017
1.8000000000000114 4.600000000000023
2.0 5.0
2.200000000000003 5.400000000000006
2.4000000000000057 5.800000000000011
2.6000000000000085 6.200000000000017
2.8000000000000114 6.600000000000023
3.0 7.0
3.200000000000003 7.400000000000006
3.4000000000000057 7.800000000000011
3.6000000000000085 8.200000000000017
3.8000000000000114 8.600000000000023
4.0 9.0
4.200000000000003 9.400000000000006
4.400000000000006 9.800000000000011
4.6000000000000085 10.200000000000017
4.800000000000011 10.600000000000023
5.0 11.0
5.200000000000003 11.400000000000006
5.400000000000006 11.800000000000011
5.6000000000000085 12.200000000000017
5.800000000000011 12.600000000000023
6.0 13.0
6.200000000000003 13.400000000000006
6.400000000000006 13.800000000000011
6.6000000000000085 14.200000000000017
6.800000000000011 14.600000000000023
7.0 15.0
7.200000000000003 15.400000000000006
7.400000000000006 15.800000000000011
7.6000000000000085 16.200000000000017
7.800000000000011 16.600000000000023
8.0 17.0
8.200000000000003 17.400000000000006
8.400000000000006 17.80000000000001
8.600000000000009 18.200000000000017
8.800000000000011 18.600000000000023
9.0 19.0
9.200000000000003 19.400000000000006
9.400000000000006 19.80000000000001
9.600000000000009 20.200000000000017
9.800000000000011 20.600000000000023
10.0 21.0
10.200000000000003 21.400000000000006
10.400000000000006 21.80000000000001
10.600000000000009 22.200000000000017
10.800000000000011 22.600000000000023
11.0 23.0
11.200000000000003 23.400000000000006
11.400000000000006 23.80000000000001
11.600000000000009 24.200000000000017
11.800000000000011 24.600000000000023
12.0 25.0
12.200000000000003 25.400000000000006
12.400000000000006 25.80000000000001
12.600000000000009 26.200000000000017
12.800000000000011 26.600000000000023
13.0 27.0
13.200000000000003 27.400000000000006
13.400000000000006 27.80000000000001
13.600000000000009 28.200000000000017
13.800000000000011 28.600000000000023
14.0 29.0
14.200000000000003 29.400000000000006
14.400000000000006 29.80000000000001
14.600000000000009 30.200000000000017
14.800000000000011 30.600000000000023
15.0 31.0
15.200000000000003 31.400000000000006
15.400000000000006 31.80000000000001
15.600000000000009 32.20000000000002
15.800000000000011 32.60000000000002
16.0 33.0
16.200000000000003 33.400000000000006
16.400000000000006 33.80000000000001
16.60000000000001 34.20000000000002
16.80000000000001 34.60000000000002
17.0 35.0
17.200000000000003 35.400000000000006
17.400000000000006 35.80000000000001
17.60000000000001 36.20000000000002
17.80000000000001 36.60000000000002
18.0 37.0
18.200000000000003 37.400000000000006
18.400000000000006 37.80000000000001
18.60000000000001 38.20000000000002
18.80000000000001 38.60000000000002
19.0 39.0
19.200000000000003 39.400000000000006
19.400000000000006 39.80000000000001
19.60000000000001 40.20000000000002
19.80000000000001 40.60000000000002
20.0 41.0
20.200000000000003 41.400000000000006
20.400000000000006 41.80000000000001
20.60000000000001 42.20000000000002
20.80000000000001 42.60000000000002
21.0 43.0
21.200000000000003 43.400000000000006
21.400000000000006 43.80000000000001
21.60000000000001 44.20000000000002
21.80000000000001 44.60000000000002
22.0 45.0
22.200000000000003 45.400000000000006
22.400000000000006 45.80000000000001
22.60000000000001 46.20000000000002
22.80000000000001 46.60000000000002
23.0 47.0
23.200000000000003 47.400000000000006
23.400000000000006 47.80000000000001
23.60000000000001 48.20000000000002
23.80000000000001 48.60000000000002
24.0 49.0
24.200000000000003 49.400000000000006
24.400000000000006 49.80000000000001
24.60000000000001 50.20000000000002
24.80000000000001 50.60000000000002
25.0 51.0
25.200000000000003 51.400000000000006
25.400000000000006 51.80000000000001
25.60000000000001 52.20000000000002
25.80000000000001 52.60000000000002
26.0 53.0
26.200000000000003 53.400000000000006
26.400000000000006 53.80000000000001
26.60000000000001 54.20000000000002
26.80000000000001 54.60000000000002
27.0 55.0
27.200000000000003 55.400000000000006
27.400000000000006 55.80000000000001
27.60000000000001 56.20000000000002
27.80000000000001 56.60000000000002
28.0 57.0
28.200000000000017 57.400000000000034
28.400000000000006 57.80000000000001
28.599999999999994 58.19999999999999
28.80000000000001 58.60000000000002
29.0 59.0
29.200000000000017 59.400000000000034
29.400000000000006 59.80000000000001
29.599999999999994 60.19999999999999
29.80000000000001 60.60000000000002
30.0 61.0
30.200000000000017 61.400000000000034
30.400000000000006 61.80000000000001
30.599999999999994 62.19999999999999
30.80000000000001 62.60000000000002
31.0 63.0
31.200000000000017 63.400000000000034
31.400000000000006 63.80000000000001
31.599999999999994 64.19999999999999
31.80000000000001 64.60000000000002
32.0 65.0
32.20000000000002 65.40000000000003
32.400000000000006 65.80000000000001
32.599999999999994 66.19999999999999
32.80000000000001 66.60000000000002
33.0 67.0
33.20000000000002 67.40000000000003
33.400000000000006 67.80000000000001
33.599999999999994 68.19999999999999
33.80000000000001 68.60000000000002
34.0 69.0
34.20000000000002 69.40000000000003
34.400000000000006 69.80000000000001
34.599999999999994 70.19999999999999
34.80000000000001 70.60000000000002
35.0 71.0
35.20000000000002 71.40000000000003
35.400000000000006 71.80000000000001
35.599999999999994 72.19999999999999
35.80000000000001 72.60000000000002
36.0 73.0
36.20000000000002 73.40000000000003
36.400000000000006 73.80000000000001
36.599999999999994 74.19999999999999
36.80000000000001 74.60000000000002
37.0 75.0
37.20000000000002 75.40000000000003
37.400000000000006 75.80000000000001
37.599999999999994 76.19999999999999
37.80000000000001 76.60000000000002
38.0 77.0
38.20000000000002 77.40000000000003
38.400000000000006 77.80000000000001
38.599999999999994 78.19999999999999
38.80000000000001 78.60000000000002
39.0 79.0
39.20000000000002 79.40000000000003
39.400000000000006 79.80000000000001
39.599999999999994 80.19999999999999
39.80000000000001 80.60000000000002
40.0 81.0
40.20000000000002 81.40000000000003
40.400000000000006 81.80000000000001
40.599999999999994 82.19999999999999
40.80000000000001 82.60000000000002
41.0 83.0
41.20000000000002 83.40000000000003
41.400000000000006 83.80000000000001
41.599999999999994 84.19999999999999
41.80000000000001 84.60000000000002
42.0 85.0
42.20000000000002 85.40000000000003
42.400000000000006 85.80000000000001
42.599999999999994 86.19999999999999
42.80000000000001 86.60000000000002
43.0 87.0
43.20000000000002 87.40000000000003
43.400000000000006 87.80000000000001
43.599999999999994 88.19999999999999
43.80000000000001 88.60000000000002
44.0 89.0
44.20000000000002 89.40000000000003
44.400000000000006 89.80000000000001
44.599999999999994 90.19999999999999
44.80000000000001 90.60000000000002
45.0 91.0
45.20000000000002 91.40000000000003
45.400000000000006 91.80000000000001
45.599999999999994 92.19999999999999
45.80000000000001 92.60000000000002
46.0 93.0
46.20000000000002 93.40000000000003
46.400000000000006 93.80000000000001
46.599999999999994 94.19999999999999
46.80000000000001 94.60000000000002
47.0 95.0
47.20000000000002 95.40000000000003
47.400000000000006 95.80000000000001
47.599999999999994 96.19999999999999
47.80000000000001 96.60000000000002
48.0 97.0
48.20000000000002 97.40000000000003
48.400000000000006 97.80000000000001
48.599999999999994 98.19999999999999
48.80000000000001 98.60000000000002
49.0 99.0
49.20000000000002 99.40000000000003
49.400000000000006 99.80000000000001
49.599999999999994 100.19999999999999
49.80000000000001 100.60000000000002
50.0 101.0
50.20000000000002 101.40000000000003
50.400000000000006 101.80000000000001
50.599999999999994 102.19999999999999
50.80000000000001 102.60000000000002
51.0 103.0
51.20000000000002 103.40000000000003
51.400000000000006 103.80000000000001
51.599999999999994 104.19999999999999
51.80000000000001 104.60000000000002
52.0 105.0
52.20000000000002 105.40000000000003
52.400000000000006 105.80000000000001
52.599999999999994 106.19999999999999
52.80000000000001 106.60000000000002
53.0 107.0
53.20000000000002 107.40000000000003
53.400000000000006 107.80000000000001
53.60000000000002 108.20000000000005
53.80000000000001 108.60000000000002
54.0 109.0
54.20000000000002 109.40000000000003
54.400000000000006 109.80000000000001
54.60000000000002 110.20000000000005
54.80000000000001 110.60000000000002
55.0 111.0
55.20000000000002 111.40000000000003
55.400000000000006 111.80000000000001
55.60000000000002 112.20000000000005
55.80000000000001 112.60000000000002
56.0 113.0
56.20000000000002 113.40000000000003
56.400000000000006 113.80000000000001
56.60000000000002 114.20000000000005
56.80000000000001 114.60000000000002
57.0 115.0
57.20000000000002 115.40000000000003
57.400000000000006 115.80000000000001
57.60000000000002 116.20000000000005
57.80000000000001 116.60000000000002
58.0 117.0
58.20000000000002 117.40000000000003
58.400000000000006 117.80000000000001
58.60000000000002 118.20000000000005
58.80000000000001 118.60000000000002
59.0 119.0
59.20000000000002 119.40000000000003
59.400000000000006 119.80000000000001
59.60000000000002 120.20000000000005
59.80000000000001 120.60000000000002
60.0 121.0
60.20000000000002 121.40000000000003
60.400000000000006 121.80000000000001
60.60000000000002 122.20000000000005
60.80000000000001 122.60000000000002
61.0 123.0
61.20000000000002 123.40000000000003
61.400000000000006 123.80000000000001
61.60000000000002 124.20000000000005
61.80000000000001 124.60000000000002
62.0 125.0
62.20000000000002 125.40000000000003
62.400000000000006 125.80000000000001
62.60000000000002 126.20000000000005
62.80000000000001 126.60000000000002
63.0 127.0
63.20000000000002 127.40000000000003
63.400000000000006 127.80000000000001
63.60000000000002 128.20000000000005
63.80000000000001 128.60000000000002
64.0 129.0
64.20000000000002 129.40000000000003
64.4 129.8
64.60000000000002 130.20000000000005
64.80000000000001 130.60000000000002
65.0 131.0
65.20000000000002 131.40000000000003
65.4 131.8
65.60000000000002 132.20000000000005
65.80000000000001 132.60000000000002
66.0 133.0
66.20000000000002 133.40000000000003
66.4 133.8
66.60000000000002 134.20000000000005
66.80000000000001 134.60000000000002
67.0 135.0
67.20000000000002 135.40000000000003
67.4 135.8
67.60000000000002 136.20000000000005
67.80000000000001 136.60000000000002
68.0 137.0
68.20000000000002 137.40000000000003
68.4 137.8
68.60000000000002 138.20000000000005
68.80000000000001 138.60000000000002
69.0 139.0
69.20000000000002 139.40000000000003
69.4 139.8
69.60000000000002 140.20000000000005
69.80000000000001 140.60000000000002
70.0 141.0
70.20000000000002 141.40000000000003
70.4 141.8
70.60000000000002 142.20000000000005
70.80000000000001 142.60000000000002
71.0 143.0
71.20000000000002 143.40000000000003
71.4 143.8
71.60000000000002 144.20000000000005
71.80000000000001 144.60000000000002
72.0 145.0
72.20000000000002 145.40000000000003
72.4 145.8
72.60000000000002 146.20000000000005
72.80000000000001 146.60000000000002
73.0 147.0
73.20000000000002 147.40000000000003
73.4 147.8
73.60000000000002 148.20000000000005
73.80000000000001 148.60000000000002
74.0 149.0
74.20000000000002 149.40000000000003
74.4 149.8
74.60000000000002 150.20000000000005
74.80000000000001 150.60000000000002
75.0 151.0
75.20000000000002 151.40000000000003
75.4 151.8
75.60000000000002 152.20000000000005
75.80000000000001 152.60000000000002
76.0 153.0
76.20000000000002 153.40000000000003
76.4 153.8
76.60000000000002 154.20000000000005
76.80000000000001 154.60000000000002
77.0 155.0
77.20000000000002 155.40000000000003
77.4 155.8
77.60000000000002 156.20000000000005
77.80000000000001 156.60000000000002
78.0 157.0
78.20000000000002 157.40000000000003
78.4 157.8
78.60000000000002 158.20000000000005
78.80000000000001 158.60000000000002
79.0 159.0
79.20000000000002 159.40000000000003
79.4 159.8
79.60000000000002 160.20000000000005
79.80000000000001 160.60000000000002
80.0 161.0
80.20000000000002 161.40000000000003
80.4 161.8
80.60000000000002 162.20000000000005
80.80000000000001 162.60000000000002
81.0 163.0
81.20000000000002 163.40000000000003
81.4 163.8
81.60000000000002 164.20000000000005
81.80000000000001 164.60000000000002
82.0 165.0
82.20000000000002 165.40000000000003
82.4 165.8
82.60000000000002 166.20000000000005
82.80000000000001 166.60000000000002
83.0 167.0
83.20000000000002 167.40000000000003
83.4 167.8
83.60000000000002 168.20000000000005
83.80000000000001 168.60000000000002
84.0 169.0
84.20000000000002 169.40000000000003
84.4 169.8
84.60000000000002 170.20000000000005
84.80000000000001 170.60000000000002
85.0 171.0
85.20000000000002 171.40000000000003
85.4 171.8
85.60000000000002 172.20000000000005
85.80000000000001 172.60000000000002
86.0 173.0
86.20000000000002 173.40000000000003
86.4 173.8
86.60000000000002 174.20000000000005
86.80000000000001 174.60000000000002
87.0 175.0
87.20000000000002 175.40000000000003
87.4 175.8
87.60000000000002 176.20000000000005
87.80000000000001 176.60000000000002
88.0 177.0
88.20000000000002 177.40000000000003
88.4 177.8
88.60000000000002 178.20000000000005
88.80000000000001 178.60000000000002
89.0 179.0
89.20000000000002 179.40000000000003
89.4 179.8
89.60000000000002 180.20000000000005
89.80000000000001 180.60000000000002
90.0 181.0
90.20000000000002 181.40000000000003
90.4 181.8
90.60000000000002 182.20000000000005
90.80000000000001 182.60000000000002
91.0 183.0
91.20000000000002 183.40000000000003
91.4 183.8
91.60000000000002 184.20000000000005
91.80000000000001 184.60000000000002
92.0 185.0
92.20000000000002 185.40000000000003
92.4 185.8
92.60000000000002 186.20000000000005
92.80000000000001 186.60000000000002
93.0 187.0
93.20000000000002 187.40000000000003
93.4 187.8
93.60000000000002 188.20000000000005
93.80000000000001 188.60000000000002
94.0 189.0
94.20000000000002 189.40000000000003
94.4 189.8
94.60000000000002 190.20000000000005
94.80000000000001 190.60000000000002
95.0 191.0
95.20000000000002 191.40000000000003
95.4 191.8
95.60000000000002 192.20000000000005
95.80000000000001 192.60000000000002
96.0 193.0
96.20000000000002 193.40000000000003
96.4 193.8
96.60000000000002 194.20000000000005
96.80000000000001 194.60000000000002
97.0 195.0
97.20000000000002 195.40000000000003
97.4 195.8
97.60000000000002 196.20000000000005
97.80000000000001 196.60000000000002
98.0 197.0
98.20000000000002 197.40000000000003
98.4 197.8
98.60000000000002 198.20000000000005
98.80000000000001 198.60000000000002
99.0 199.0
99.20000000000002 199.40000000000003
99.4 199.8
99.60000000000002 200.20000000000005
99.80000000000001 200.60000000000002
100.0 201.0
-50.0 5001.0
-49.25 4852.125
-48.5 4705.5
-47.75 4561.125
-47.0 4419.0
-46.25 4279.125
-45.5 4141.5
-44.75 4006.125
-44.0 3873.0
-43.25 3742.125
-42.5 3613.5
-41.75 3487.125
-41.0 3363.0
-40.25 3241.125
-39.5 3121.5
-38.75 3004.125
-38.0 2889.0
-37.25 2776.125
-36.5 2665.5
-35.75 2557.125
-35.0 2451.0
-34.25 2347.125
-33.5 2245.5
-32.75 2146.125
-32.0 2049.0
-31.25 1954.125
-30.5 1861.5
-29.75 1771.125
-29.0 1683.0
-28.25 1597.125
-27.5 1513.5
-26.75 1432.125
-26.0 1353.0
-25.25 1276.125
-24.5 1201.5
-23.75 1129.125
-23.0 1059.0
-22.25 991.125
-21.5 925.5
-20.75 862.125
-20.0 801.0
-19.25 742.125
-18.5 685.5
-17.75 631.125
-17.0 579.0
-16.25 529.125
-15.5 481.5
-14.75 436.125
-14.0 393.0
-13.25 352.125
-12.5 313.5
-11.75 277.125
-11.0 243.0
-10.25 211.125
-9.5 181.5
-8.75 154.125
-8.0 129.0
-7.25 106.125
-6.5 85.5
-5.75 67.125
-5.0 51.0
-4.25 37.125
-3.5 25.5
-2.75 16.125
-2.0 9.0
-1.25 4.125
-0.5 1.5
0.25 1.125
1.0 3.0
1.75 7.125
2.5 13.5
3.25 22.125
4.0 33.0
4.75 46.125
5.5 61.5
6.25 79.125
7.0 99.0
7.75 121.125
8.5 145.5
9.25 172.125
10.0 201.0
10.75 232.125
11.5 265.5
12.25 301.125
13.0 339.0
13.75 379.125
14.5 421.5
15.25 466.125
16.0 513.0
16.75 562.125
17.5 613.5
18.25 667.125
19.0 723.0
19.75 781.125
20.5 841.5
21.25 904.125
22.0 969.0
22.75 1036.125
23.5 1105.5
24.25 1177.125
25.0 1251.0
25.75 1327.125
26.5 1405.5
27.25 1486.125
28.0 1569.0
28.75 1654.125
29.5 1741.5
30.25 1831.125
31.0 1923.0
31.75 2017.125
32.5 2113.5
33.25 2212.125
34.0 2313.0
34.75 2416.125
35.5 2521.5
36.25 2629.125
37.0 2739.0
37.75 2851.125
38.5 2965.5
39.25 3082.125
40.0 3201.0
40.75 3322.125
41.5 3445.5
42.25 3571.125
43.0 3699.0
43.75 3829.125
44.5 3961.5
45.25 4096.125
46.0 4233.0
46.75 4372.125
47.5 4513.5
48.25 4657.125
49.0 4803.0
49.75 4951.125
50.5 5101.5
51.25 5254.125
52.0 5409.0
52.75 5566.125
53.5 5725.5
54.25 5887.125
55.0 6051.0
55.75 6217.125
56.5 6385.5
57.25 6556.125
58.0 6729.0
58.75 6904.125
59.5 7081.5
60.25 7261.125
61.0 7443.0
61.75 7627.125
62.5 7813.5
63.25 8002.125
64.0 8193.0
64.75 8386.125
65.5 8581.5
66.25 8779.125
67.0 8979.0
67.75 9181.125
68.5 9385.5
69.25 9592.125
70.0 9801.0
70.75 10012.125
71.5 10225.5
72.25 10441.125
73.0 10659.0
73.75 10879.125
74.5 11101.5
75.25 11326.125
76.0 11553.0
76.75 11782.125
77.5 12013.5
78.25 12247.125
79.0 12483.0
79.75 12721.125
80.5 12961.5
81.25 13204.125
82.0 13449.0
82.75 13696.125
83.5 13945.5
84.25 14197.125
85.0 14451.0
85.75 14707.125
86.5 14965.5
87.25 15226.125
88.0 15489.0
88.75 15754.125
89.5 16021.5
90.25 16291.125
91.0 16563.0
91.75 16837.125
92.5 17113.5
93.25 17392.125
94.0 17673.0
94.75 17956.125
95.5 18241.5
96.25 18529.125
97.0 18819.0
97.75 19111.125
98.5 19405.5
99.25 19702.125
100.0 20001.0
-50.0 5001.0
-49.25 4852.125
-48.5 4705.5
-47.75 4561.125
-47.0 4419.0
-46.25 4279.125
-45.5 4141.5
-44.75 4006.125
-44.0 3873.0
-43.25 3742.125
-42.5 3613.5
-41.75 3487.125
-41.0 3363.0
-40.25 3241.125
-39.5 3121.5
-38.75 3004.125
-38.0 2889.0
-37.25 2776.125
-36.5 2665.5
-35.75 2557.125
-35.0 2451.0
-34.25 2347.125
-33.5 2245.5
-32.75 2146.125
-32.0 2049.0
-31.25 1954.125
-30.5 1861.5
-29.75 1771.125
-29.0 1683.0
-28.25 1597.125
-27.5 1513.5
-26.75 1432.125
-26.0 1353.0
-25.25 1276.125
-24.5 1201.5
-23.75 1129.125
-23.0 1059.0
-22.25 991.125
-21.5 925.5
-20.75 862.125
-20.0 801.0
-19.25 742.125
-18.5 685.5
-17.75 631.125
-17.0 579.0
-16.25 529.125
-15.5 481.5
-14.75 436.125
-14.0 393.0
-13.25 352.125
-12.5 313.5
-11.75 277.125
-11.0 243.0
-10.25 211.125
-9.5 181.5
-8.75 154.125
-8.0 129.0
-7.25 106.125
-6.5 85.5
-5.75 67.125
-5.0 51.0
-4.25 37.125
-3.5 25.5
-2.75 16.125
-2.0 9.0
-1.25 4.125
-0.5 1.5
0.25 1.125
1.0 3.0
1.75 7.125
2.5 13.5
3.25 22.125
4.0 33.0
4.75 46.125
5.5 61.5
6.25 79.125
7.0 99.0
7.75 121.125
8.5 145.5
9.25 172.125
10.0 201.0
10.75 232.125
11.5 265.5
12.25 301.125
13.0 339.0
13.75 379.125
14.5 421.5
15.25 466.125
16.0 513.0
16.75 562.125
17.5 613.5
18.25 667.125
19.0 723.0
19.75 781.125
20.5 841.5
21.25 904.125
22.0 969.0
22.75 1036.125
23.5 1105.5
24.25 1177.125
25.0 1251.0
25.75 1327.125
26.5 1405.5
27.25 1486.125
28.0 1569.0
28.75 1654.125
29.5 1741.5
30.25 1831.125
31.0 1923.0
31.75 2017.125
32.5 2113.5
33.25 2212.125
34.0 2313.0
34.75 2416.125
35.5 2521.5
36.25 2629.125
37.0 2739.0
37.75 2851.125
38.5 2965.5
39.25 3082.125
40.0 3201.0
40.75 3322.125
41.5 3445.5
42.25 3571.125
43.0 3699.0
43.75 3829.125
44.5 3961.5
45.25 4096.125
46.0 4233.0
46.75 4372.125
47.5 4513.5
48.25 4657.125
49.0 4803.0
49.75 4951.125
50.5 5101.5
51.25 5254.125
52.0 5409.0
52.75 5566.125
53.5 5725.5
54.25 5887.125
55.0 6051.0
55.75 6217.125
56.5 6385.5
57.25 6556.125
58.0 6729.0
58.75 6904.125
59.5 7081.5
60.25 7261.125
61.0 7443.0
61.75 7627.125
62.5 7813.5
63.25 8002.125
64.0 8193.0
64.75 8386.125
65.5 8581.5
66.25 8779.125
67.0 8979.0
67.75 9181.125
68.5 9385.5
69.25 9592.125
70.0 9801.0
70.75 10012.125
71.5 10225.5
72.25 10441.125
73.0 10659.0
73.75 10879.125
74.5 11101.5
75.25 11326.125
76.0 11553.0
76.75 11782.125
77.5 12013.5
78.25 12247.125
79.0 12483.0
79.75 12721.125
80.5 12961.5
81.25 13204.125
82.0 13449.0
82.75 13696.125
83.5 13945.5
84.25 14197.125
85.0 14451.0
85.75 14707.125
86.5 14965.5
87.25 15226.125
88.0 15489.0
88.75 15754.125
89.5 16021.5
90.25 16291.125
91.0 16563.0
91.75 16837.125
92.5 17113.5
93.25 17392.125
94.0 17673.0
94.75 17956.125
95.5 18241.5
96.25 18529.125
97.0 18819.0
97.75 19111.125
98.5 19405.5
99.25 19702.125
100.0 20001.0
0.0 0.0
0.1 0.4641588833612779
0.2 0.5848035476425733
0.30000000000000004 0.6694329500821695
0.4 0.7368062997280773
0.5 0.7937005259840998
0.6000000000000001 0.8434326653017493
0.7000000000000001 0.8879040017426008
0.8 0.9283177667225558
0.9 0.9654893846056297
1.0 1.0
1.1 1.0322801154563672
1.2000000000000002 1.0626585691826111
1.3 1.091392883061106
1.4000000000000001 1.1186889420813968
1.5 1.1447142425533319
1.6 1.1696070952851465
1.7000000000000002 1.193483191927337
1.8 1.21644039911468
1.9000000000000001 1.2385623296301709
2.0 1.2599210498948732
2.1 1.2805791649874942
2.2 1.300591446851387
2.3000000000000003 1.3200061217959125
2.4000000000000004 1.338865900164339
2.5 1.3572088082974532
2.6 1.375068867074141
2.7 1.3924766500838337
2.8000000000000003 1.4094597464129783
2.9000000000000004 1.4260431471424087
3.0 1.4422495703074083
3.1 1.4580997358267116
3.2 1.4736125994561546
3.3000000000000003 1.4888055529538275
3.4000000000000004 1.5036945962049748
3.5 1.5182944859378311
3.6 1.5326188647871062
3.7 1.5466803737720354
3.8000000000000003 1.560490750707885
3.9000000000000004 1.5740609166314434
4.0 1.5874010519681994
4.1000000000000005 1.6005206638831553
4.2 1.6134286460245437
4.3 1.6261333316791686
4.4 1.6386425412012917
4.5 1.6509636244473134
4.6000000000000005 1.6631034988407658
4.7 1.6750686836022342
4.800000000000001 1.6868653306034984
4.9 1.6984992522418105
5.0 1.7099759466766968
5.1000000000000005 1.721300620726316
5.2 1.7324782106818055
5.300000000000001 1.7435134012651283
5.4 1.7544106429277195
5.5 1.7651741676630315
5.6000000000000005 1.7758080034852015
5.7 1.7863159877080566
5.800000000000001 1.7967017791430526
5.9 1.8069688693211896
6.0 1.8171205928321397
6.1000000000000005 1.8271601368635206
6.2 1.8370905500142276
6.300000000000001 1.8469147504478334
6.4 1.8566355334451115
6.5 1.866255578408624
6.6000000000000005 1.8757774553669035
6.7 1.885203631020986
6.800000000000001 1.8945364743718192
6.9 1.9037782619633032
7.0 1.912931182772389
7.1000000000000005 1.9219973427746713
7.2 1.9309787692112594
7.300000000000001 1.939877414580333
7.4 1.9486951603746576
7.5 1.9574338205844317
7.6000000000000005 1.966095144983117
7.7 1.9746808222123668
7.800000000000001 1.9831924826807747
7.9 1.991631701289913
8.0 2.0
8.1 2.0082988502465087
8.200000000000001 2.0165296752181043
8.3 2.024693852005457
8.4 2.0327927136297066
8.5 2.040827550958674
8.6 2.0487996145182663
8.700000000000001 2.0567101162059633
8.8 2.0645602309127344
8.9 2.072351098059261
9.0 2.080083823051904
9.1 2.087759478663449
9.200000000000001 2.0953791063432945
9.3 2.1029437174614203
9.4 2.11045429449015
9.5 2.1179117921274466
9.600000000000001 2.1253171383652223
9.700000000000001 2.132671235505887
9.8 2.139974961130159
9.9 2.147229169018941
10.0 2.154434690031884
10.100000000000001 2.161592332945083
10.200000000000001 2.168702885250197
10.3 2.1757671139171206
10.4 2.1827857661222114
10.5 2.1897595699439445
10.600000000000001 2.196689235027742
10.700000000000001 2.2035754532216254
10.8 2.2104188991842317
10.9 2.217220230966632
11.0 2.2239800905693152
11.100000000000001 2.2306991044756197
11.200000000000001 2.2373778841627936
11.3 2.24401702659183
11.4 2.250617114677132
11.5 2.2571787177370006
11.600000000000001 2.2637023919259014
11.700000000000001 2.270188680649385
11.8 2.276638114962505
11.9 2.2830512139525267
12.0 2.2894284851066637
12.100000000000001 2.295770424665555
12.200000000000001 2.3020775179631467
12.3 2.3083502397536084
12.4 2.3145890545258756
12.5 2.320794416806389
12.600000000000001 2.3269667714505617
12.700000000000001 2.3331065539234754
12.8 2.3392141905702926
12.9 2.3452900988768355
13.0 2.3513346877207573
13.100000000000001 2.357348357613727
13.200000000000001 2.3633315009350024
13.3 2.369284502156768
13.4 2.375207738061588
13.5 2.381101577952299
13.600000000000001 2.386966383854674
13.700000000000001 2.3928025107131377
13.8 2.3986103065798416
13.9 2.4043901127973535
14.0 2.4101422641752297
14.100000000000001 2.4158670891607184
14.200000000000001 2.4215649100038203
14.3 2.4272360429169444
14.4 2.43288079822936
14.5 2.4384994805366564
14.600000000000001 2.444092388845405
14.700000000000001 2.4496598167132055
14.8 2.455202052384297
14.9 2.4607193789209023
15.0 2.46621207433047
15.100000000000001 2.4716804116889617
15.200000000000001 2.4771246592603418
15.3 2.4825450806124043
15.4 2.4879419347290765
15.5 2.493315476119323
15.600000000000001 2.4986659549227817
15.700000000000001 2.5039936170122448
15.8 2.5092987040930996
15.9 2.514581453799839
16.0 2.5198420997897464
16.1 2.525080871833849
16.2 2.5302979959052476
16.3 2.535493694264901
16.400000000000002 2.5406681855449618
16.5 2.545821684829744
16.6 2.5509544037344103
16.7 2.5560665504814426
16.8 2.5611583299749885
16.900000000000002 2.5662299438731426
17.0 2.571281590658235
17.1 2.5763134657051983
17.2 2.581325761348065
17.3 2.5863186669446736
17.400000000000002 2.591292368939624
17.5 2.5962470509255517
17.6 2.601182893702774
17.7 2.6061000753373493
17.8 2.6109987712176173
17.900000000000002 2.615879154109254
18.0 2.6207413942088964
18.1 2.6255856591963793
18.2 2.6304121142856256
18.3 2.6352209222742378
18.400000000000002 2.640012243591825
18.5 2.6447862363471035
18.6 2.6495430563738203
18.7 2.6542828572755144
18.8 2.6590057904691733
18.900000000000002 2.663712005227802
19.0 2.668401648721945
19.1 2.6730748660601886
19.200000000000003 2.677731800328678
19.3 2.682372592629673
19.400000000000002 2.686997382119173
19.5 2.6916063060436417
19.6 2.69619949977585
19.700000000000003 2.7007770968498703
19.8 2.7053392289952405
19.900000000000002 2.7098860261703273
20.0 2.7144176165949063
20.1 2.718934126781983
20.200000000000003 2.7234356815688767
20.3 2.727922404147588
20.400000000000002 2.7323944160944684
20.5 2.7368518373992137
20.6 2.7412947864931967
20.700000000000003 2.745723380277159
20.8 2.7501377341482818
20.900000000000002 2.7545379620266495
21.0 2.7589241763811203
21.1 2.763296488254628
21.200000000000003 2.7676550072889183
21.3 2.7719998417487504
21.400000000000002 2.7763310985455614
21.5 2.7806488832606178
21.6 2.7849533001676674
21.700000000000003 2.7892444522550996
21.8 2.7935224412476316
21.900000000000002 2.7977873676275316
22.0 2.802039330655387
22.1 2.8062784283904376
22.200000000000003 2.8105047577104765
22.3 2.814718414331334
22.400000000000002 2.8189194928259567
22.5 2.823108086643085
22.6 2.82728428812555
22.700000000000003 2.8314481885281864
22.8 2.835599878035382
22.900000000000002 2.83973944577827
23.0 2.8438669798515654
23.1 2.8479825673300656
23.200000000000003 2.8520862942848173
23.3 2.8561782457989553
23.400000000000002 2.8602585059832295
23.5 2.8643271579912186
23.6 2.8683842840342444
23.700000000000003 2.8724299653959897
23.8 2.8764642824468325
23.900000000000002 2.8804873146578935
24.0 2.8844991406148166
24.1 2.888499838031276
24.200000000000003 2.892489483762225
24.3 2.896468153816889
24.400000000000002 2.900435923371512
24.5 2.9043928667818517
24.6 2.9083390575954486
24.700000000000003 2.9122745685636517
24.8 2.916199471653423
24.900000000000002 2.920113838058922
25.0 2.924017738212866
25.1 2.9279112417976867
25.200000000000003 2.931794417756475
25.3 2.935667334303724
25.400000000000002 2.9395300589358744
25.5 2.943382658441668
25.6 2.9472251989123093
25.700000000000003 2.9510577457514433
25.8 2.9548803636849534
25.900000000000002 2.9586931167705806
26.0 2.9624960684073702
26.1 2.9662892813449506
26.200000000000003 2.970072817692642
26.3 2.9738467389284104
26.400000000000002 2.9776111059076547
26.5 2.9813659788718456
26.6 2.9851114174570075
26.700000000000003 2.988847480702055
26.8 2.9925742270569824
26.900000000000002 2.996291714390912
27.0 3.0
27.1 3.00369914061521
27.200000000000003 3.0073891924099496
27.3 3.011070211007578
27.400000000000002 3.014742251488785
27.5 3.0184053683988425
27.6 3.022059615754738
27.700000000000003 3.02570504705218
27.8 3.029341715272494
27.900000000000002 3.0329696728893976
28.0 3.0365889718756622
28.1 3.0401996637096675
28.200000000000003 3.043801799381843
28.3 3.047395429401007
28.400000000000002 3.050980603800597
28.5 3.054557372144803
28.6 3.058125783534594
28.700000000000003 3.0616858866136534
28.8 3.0652377295742124
28.900000000000002 3.0687813601627907
29.0 3.072316825685847
29.1 3.075844173015335
29.200000000000003 3.0793634485941714
29.3 3.08287469844162
29.400000000000002 3.0863779681585846
29.5 3.089873302932822
29.6 3.0933607475440708
29.700000000000003 3.096840346369101
29.8 3.1003121433866836
29.900000000000002 3.1037761821824796
30.0 3.1072325059538586
30.1 3.110681157514638
30.200000000000003 3.114122179299749
30.3 3.117555613369834
30.400000000000002 3.1209815014157694
30.5 3.124399884763122
30.6 3.127810804376533
30.700000000000003 3.1312143008640425
30.8 3.13461041448134
30.900000000000002 3.137999185135957
31.0 3.1413806523913927
31.1 3.14475485547118
31.200000000000003 3.148121833262887
31.3 3.1514816243220642
31.400000000000002 3.1548342668761284
31.5 3.1581797988281894
31.6 3.1615182577608225
31.700000000000003 3.164849680939784
31.8 3.16817410531767
31.900000000000002 3.171491567537526
32.0 3.1748021039363987
32.1 3.1781057505488417
32.2 3.1814025431103645
32.300000000000004 3.184692517060835
32.4 3.187975707547833
32.5 3.1912521494299537
32.6 3.1945218772800645
32.7 3.1977849253885173
32.800000000000004 3.2010413277663106
32.9 3.2042911181482103
33.0 3.207534329995826
33.1 3.210770996500643
33.2 3.2140011505870083
33.300000000000004 3.2172248249150837
33.4 3.2204420518837455
33.5 3.223652863633457
33.6 3.2268572920490874
33.7 3.2300553687627023
33.800000000000004 3.233247125156311
33.9 3.2364325923645754
34.0 3.239611801277483
34.1 3.242784782542985
34.2 3.245951566569593
34.300000000000004 3.249112183528945
34.4 3.2522666633583373
34.5 3.255415035763216
34.6 3.258557330219642
34.7 3.261693575976718
34.800000000000004 3.264823802058984
34.9 3.2679480372687824
35.0 3.2710663101885897
35.1 3.2741786491833174
35.2 3.277285082402583
35.300000000000004 3.280385637782951
35.4 3.2834803430501407
35.5 3.2865692257212147
35.6 3.289652313106724
35.7 3.292729632312839
35.800000000000004 3.295801210243444
35.9 3.2988670736022074
36.0 3.3019272488946263
36.1 3.3049817624300406
36.2 3.308030640323625
36.300000000000004 3.311073908498353
36.4 3.3141115926869382
36.5 3.3171437184337482
36.6 3.320170311096694
36.7 3.3231913958490966
36.800000000000004 3.3262069976815316
36.9 3.329217141403645
37.0 3.332221851645953
37.1 3.335221152861613
37.2 3.3382150693281747
37.300000000000004 3.341203625149313
37.4 3.3441868442565297
37.5 3.3471647504108475
37.6 3.350137367204468
37.7 3.3531047180624216
37.800000000000004 3.35606682624419
37.9 3.359023714845311
38.0 3.361975406798963
38.1 3.3649219248775304
38.2 3.36786329169415
38.300000000000004 3.3707995297042377
38.400000000000006 3.373730661206997
38.5 3.37665670834691
38.6 3.3795776931152104
38.7 3.382493637351335
38.800000000000004 3.3854045627443643
38.900000000000006 3.3883104908344395
39.0 3.3912114430141664
39.1 3.394107440530002
39.2 3.396998504483621
39.300000000000004 3.399884655833273
39.400000000000006 3.402765915395116
39.5 3.4056423038445396
39.6 3.4085138417174696
39.7 3.41138054941166
39.800000000000004 3.4142424471879647
39.900000000000006 3.417099555171601
40.0 3.4199518933533937
40.1 3.422799481591006
40.2 3.4256423396101563
40.300000000000004 3.4284804870058196
40.400000000000006 3.4313139432434188
40.5 3.4341427276599954
40.6 3.4369668594653753
40.7 3.439786357743314
40.800000000000004 3.442601241452632
40.900000000000006 3.445411529428336
41.0 3.4482172403827303
41.1 3.451018392906511
41.2 3.4538150054698504
41.300000000000004 3.4566070964234696
41.400000000000006 3.459394683999698
41.5 3.4621777863135192
41.6 3.464956421363611
41.7 3.4677306070333644
41.800000000000004 3.4705003610919007
41.900000000000006 3.473265701195072
42.0 3.4760266448864496
42.1 3.478783209598307
42.2 3.4815354126525864
42.300000000000004 3.484283271261855
42.400000000000006 3.4870268025302567
42.5 3.4897660234544436
42.6 3.4925009509245077
42.7 3.4952316017248948
42.800000000000004 3.49795799253531
42.900000000000006 3.5006801399316174
43.0 3.503398060386724
43.1 3.506111770271459
43.2 3.508821285855439
43.300000000000004 3.5115266233079305
43.400000000000006 3.514227798698695
43.5 3.516924827998831
43.6 3.5196177270816054
43.7 3.522306511723273
43.800000000000004 3.5249911976038932
43.900000000000006 3.527671800308133
44.0 3.530348335326063
44.1 3.5330208180539455
44.2 3.535689263795015
44.300000000000004 3.5383536877602455
44.400000000000006 3.5410141050691193
44.5 3.543670530750377
44.6 3.546322979742767
44.7 3.5489714668957846
44.800000000000004 3.5516160069704026
44.900000000000006 3.5542566146397974
45.0 3.5568933044900626
45.1 3.5595260910209205
45.2 3.562154988646422
45.300000000000004 3.564780011695643
45.400000000000006 3.5674011744133693
45.5 3.5700184909607784
45.6 3.572631975416113
45.7 3.5752416417753468
45.800000000000004 3.5778475039528432
45.900000000000006 3.5804495757820107
46.0 3.583047871015946
46.1 3.585642403328077
46.2 3.588233186312793
46.300000000000004 3.5908202334860726
46.400000000000006 3.5934035582861052
46.5 3.5959831740739046
46.6 3.598559094133917
46.7 3.6011313316746225
46.800000000000004 3.6036998998291323
46.900000000000006 3.606264811655777
47.0 3.6088260801386944
47.1 3.6113837181884034
47.2 3.613937738642379
47.300000000000004 3.61648815426562
47.400000000000006 3.6190349777512094
47.5 3.62157822172087
47.6 3.624117898725516
47.7 3.6266540212457965
47.800000000000004 3.6291866016926373
47.900000000000006 3.6317156524077734
48.0 3.634241185664279
48.1 3.636763213667093
48.2 3.639281748553536
48.300000000000004 3.6417968023938245
48.400000000000006 3.644308387191582
48.5 3.6468165148843394
48.6 3.64932119734404
48.7 3.6518224463775275
48.800000000000004 3.654320273727041
48.900000000000006 3.656814691070697
49.0 3.6593057100229713
49.1 3.6617933421351747
49.2 3.6642775988959237
49.300000000000004 3.6667584917316085
49.400000000000006 3.6692360320068547
49.5 3.671710231024981
49.6 3.674181100028455
49.7 3.6766486501993407
49.800000000000004 3.6791128926597443
49.900000000000006 3.6815738384722563
50.0 3.6840314986403864
50.1 3.686485884109
50.2 3.6889370057647435
50.300000000000004 3.6913848744364715
50.400000000000006 3.6938295008956668
50.5 3.6962708958568573
50.6 3.6987090699780314
50.7 3.7011440338610444
50.800000000000004 3.7035757980520256
50.900000000000006 3.7060043730417807
51.0 3.708429769266189
51.1 3.7108519971066007
51.2 3.713271066890223
51.300000000000004 3.7156869888905124
51.400000000000006 3.718099773327556
51.5 3.7205094303684527
51.6 3.722915970127691
51.7 3.7253194026675205
51.800000000000004 3.7277197379983242
51.900000000000006 3.730116986078985
52.0 3.7325111568172478
52.1 3.7349022600700827
52.2 3.7372903056440387
52.300000000000004 3.7396753032956007
52.400000000000006 3.742057262731538
52.5 3.7444361936092534
52.6 3.7468121055371273
52.7 3.7491850080748597
52.800000000000004 3.7515549107338066
52.900000000000006 3.753921822977319
53.0 3.756285754221072
53.1 3.7586467138333965
53.2 3.7610047111356057
53.300000000000004 3.7633597554023184
53.400000000000006 3.7657118558617797
53.5 3.7680610216961803
53.6 3.7704072620419717
53.7 3.7727505859901784
53.800000000000004 3.775091002586707
53.900000000000006 3.7774285208326566
54.0 3.7797631496846193
54.1 3.7820948980549858
54.2 3.784423774812243
54.300000000000004 3.7867497887812713
54.400000000000006 3.7890729487436383
54.5 3.791393263437891
54.6 3.793710741559845
54.7 3.796025391762872
54.800000000000004 3.7983372226581835
54.900000000000006 3.800646242815112
55.0 3.802952460761391
55.1 3.8052558849834344
55.2 3.807556523926606
55.300000000000004 3.8098543859954987
55.400000000000006 3.8121494795541992
55.5 3.814441812926558
55.6 3.8167313943964567
55.7 3.819018232208068
55.800000000000004 3.82130233456612
55.900000000000006 3.823583709636153
56.0 3.825862365544778
56.1 3.8281383103799307
56.2 3.8304115521911246
56.300000000000004 3.8326820989897006
56.400000000000006 3.834949958749076
56.5 3.8372151394049916
56.6 3.8394776488557545
56.7 3.8417374949624827
56.800000000000004 3.8439946855493425
56.900000000000006 3.84624922840379
57.0 3.8485011312768047
57.1 3.850750401883127
57.2 3.8529970479014874
57.300000000000004 3.85524107697484
57.400000000000006 3.85748249671059
57.5 3.8597213146808205
57.6 3.861957538422519
57.7 3.864191175437798
57.800000000000004 3.86642223319412
57.900000000000006 3.8686507191245147
58.0 3.8708766406277966
58.1 3.873100005068783
58.2 3.8753208197785085
58.300000000000004 3.8775390920544353
58.400000000000006 3.879754829160666
58.5 3.881968038328153
58.6 3.8841787267549064
58.7 3.8863869016061985
58.800000000000004 3.888592570014769
58.900000000000006 3.8907957390810295
59.0 3.8929964158732604
59.1 3.895194607427815
59.2 3.8973903207493152
59.300000000000004 3.899583562810848
59.400000000000006 3.901774340554161
59.5 3.9039626608898543
59.6 3.9061485306975747
59.7 3.908331956826205
59.800000000000004 3.910512946094051
59.900000000000006 3.9126915052890316
60.0 3.9148676411688634
60.1 3.917041360461245
60.2 3.9192126698640415
60.300000000000004 3.9213815760454636
60.400000000000006 3.9235480856442497
60.5 3.9257122052698445
60.6 3.9278739415025763
60.7 3.930033300893832
60.800000000000004 3.932190289966234
60.900000000000006 3.9343449152138112
61.0 3.936497183102173
61.1 3.938647100068679
61.2 3.940794672522609
61.300000000000004 3.9429399068453304
61.400000000000006 3.9450828093904655
61.5 3.9472233864840574
61.6 3.9493616444247333
61.7 3.9514975894838695
61.800000000000004 3.9536312279057513
61.900000000000006 3.955762565907735
62.0 3.9578916096804053
62.1 3.9600183653877368
62.2 3.962142839167249
62.300000000000004 3.964265037130161
62.400000000000006 3.966384965361549
62.5 3.9685026299204984
62.6 3.9706180368402553
62.7 3.97273119212838
62.800000000000004 3.9748421017668942
62.900000000000006 3.976950771712433
63.0 3.9790572078963917
63.1 3.981161416225071
63.2 3.983263402579826
63.300000000000004 3.985363172817207
63.400000000000006 3.987460732769107
63.5 3.989556088242901
63.6 3.991649245021589
63.7 3.9937402088639375
63.800000000000004 3.9958289855046165
63.900000000000006 3.997915580654339
64.0 3.9999999999999996
64.10000000000001 4.002082249204809
64.2 4.004162333908431
64.3 4.0062402597271145
64.4 4.00831603225383
64.5 4.010389657058401
64.60000000000001 4.012461139687634
64.7 4.014530485665451
64.8 4.0165977004930165
64.9 4.0186627896488725
65.0 4.020725758589058
65.10000000000001 4.02278661274724
65.2 4.02484535753484
65.3 4.026901998341159
65.4 4.0289565405335
65.5 4.03100898945729
65.60000000000001 4.033059350436209
65.7 4.035107628772303
65.8 4.03715382974611
65.9 4.03919795861678
66.0 4.04124002062219
66.10000000000001 4.043280020979066
66.2 4.045317964883098
66.3 4.047353857509058
66.4 4.049387704010914
66.5 4.0514195095219465
66.60000000000001 4.0534492791548615
66.7 4.055477018001903
66.8 4.057502731134968
66.9 4.059526423605717
67.0 4.0615481004456795
67.10000000000001 4.063567766666376
67.2 4.065585427259413
67.3 4.067601087196606
67.4 4.069614751430076
67.5 4.07162642489236
67.60000000000001 4.07363611249652
67.7 4.075643819136245
67.8 4.077649549685962
67.9 4.079653309000928
68.0 4.081655101917348
68.10000000000001 4.0836549332524665
68.2 4.085652807804675
68.3 4.087648730353615
68.4 4.089642705660269
68.5 4.091634738467075
68.60000000000001 4.093624833498012
68.7 4.0956129954587075
68.8 4.097599229036532
68.9 4.099583538900696
69.0 4.101565929702347
69.10000000000001 4.103546406074668
69.2 4.105524972632966
69.3 4.107501633974777
69.4 4.10947639467995
69.5 4.111449259310745
69.60000000000001 4.113420232411927
69.7 4.115389318510854
69.8 4.117356522117574
69.9 4.119321847724911
70.0 4.121285299808556
70.10000000000001 4.123246882827162
70.2 4.125206601222422
70.3 4.1271644594191725
70.4 4.129120461825468
70.5 4.131074612832675
70.60000000000001 4.133026916815559
70.7 4.134977378132365
70.8 4.136926001124912
70.9 4.138872790118671
71.0 4.140817749422853
71.10000000000001 4.1427608833304905
71.2 4.144702196118522
71.3 4.146641692047876
71.4 4.148579375363552
71.5 4.150515250294702
71.60000000000001 4.152449321054713
71.7 4.154381591841288
71.8 4.156312066836521
71.9 4.1582407502069865
72.0 4.160167646103808
72.10000000000001 4.1620927586627445
72.2 4.164016092004265
72.3 4.1659376502336265
72.4 4.167857437440951
72.5 4.169775457701303
72.60000000000001 4.171691715074766
72.7 4.173606213606516
72.8 4.175518957326897
72.9 4.177429950251501
73.0 4.179339196381232
73.10000000000001 4.181246699702388
73.2 4.183152464186734
73.3 4.185056493791569
73.4 4.186958792459802
73.5 4.188859364120027
73.60000000000001 4.190758212686589
73.7 4.192655342059655
73.8 4.194550756125289
73.9 4.196444458755519
74.0 4.198336453808407
74.10000000000001 4.20022674512812
74.2 4.202115336544992
74.3 4.204002231875604
74.4 4.205887434922841
74.5 4.207770949475964
74.60000000000001 4.209652779310678
74.7 4.211532928189197
74.8 4.21341139986031
74.9 4.215288198059447
75.0 4.217163326508746
75.10000000000001 4.219036788917115
75.2 4.2209085889803
75.3 4.222778730380944
75.4 4.224647216788659
75.5 4.22651405186008
75.60000000000001 4.228379239238935
75.7 4.230242782556104
75.8 4.2321046854296815
75.9 4.233964951465041
76.0 4.235823584254893
76.10000000000001 4.237680587379348
76.2 4.239535964405976
76.3 4.241389718889868
76.4 4.243241854373697
76.5 4.245092374387773
76.60000000000001 4.246941282450107
76.7 4.248788582066469
76.80000000000001 4.250634276730444
76.9 4.252478369923492
77.0 4.254320865115005
77.10000000000001 4.256161765762368
77.2 4.258001075311009
77.30000000000001 4.259838797194463
77.4 4.2616749348344225
77.5 4.263509491640798
77.60000000000001 4.265342471011773
77.7 4.267173876333857
77.80000000000001 4.2690037109819405
77.9 4.270831978319353
78.0 4.272658681697917
78.10000000000001 4.274483824457997
78.2 4.2763074099285605
78.30000000000001 4.278129441427226
78.4 4.279949922260318
78.5 4.28176885572292
78.60000000000001 4.283586245098927
78.7 4.285402093661097
78.80000000000001 4.287216404671104
78.9 4.289029181379587
79.0 4.290840427026207
79.10000000000001 4.29265014483969
79.2 4.294458338037882
79.30000000000001 4.296265009827803
79.4 4.298070163405687
79.5 4.299873801957045
79.60000000000001 4.301675928656701
79.7 4.303476546668851
79.80000000000001 4.3052756591471075
79.9 4.307073269234548
80.0 4.308869380063767
80.10000000000001 4.3106639947569185
80.2 4.312457116425768
80.30000000000001 4.314248748171739
80.4 4.316038893085958
80.5 4.317827554249305
80.60000000000001 4.3196147347324585
80.7 4.3214004375959405
80.80000000000001 4.323184665890166
80.9 4.324967422655482
81.0 4.3267487109222245
81.10000000000001 4.328528533710753
81.2 4.330306894031501
81.30000000000001 4.332083794885018
81.4 4.333859239262018
81.5 4.3356332301434195
81.60000000000001 4.337405770500394
81.7 4.339176863294402
81.80000000000001 4.34094651147725
81.9 4.342714717991117
82.0 4.344481485768611
82.10000000000001 4.3462468177328075
82.2 4.348010716797289
82.30000000000001 4.349773185866191
82.4 4.351534227834241
82.5 4.353293845586806
82.60000000000001 4.355052041999927
82.7 4.356808819940365
82.80000000000001 4.358564182265642
82.9 4.360318131824078
83.0 4.362070671454838
83.10000000000001 4.363821803987963
83.2 4.365571532244423
83.30000000000001 4.3673198590361455
83.4 4.369066787166062
83.5 4.370812319428143
83.60000000000001 4.372556458607444
83.7 4.374299207480135
83.80000000000001 4.376040568813547
83.9 4.37778054536621
84.0 4.379519139887889
84.10000000000001 4.38125635511962
84.2 4.382992193793756
84.30000000000001 4.384726658633996
84.4 4.386459752355427
84.5 4.388191477664564
84.60000000000001 4.38992183725938
84.7 4.39165083382935
84.80000000000001 4.393378470055484
84.9 4.395104748610363
85.0 4.396829672158179
85.10000000000001 4.398553243354769
85.2 4.400275464847649
85.30000000000001 4.401996339276053
85.4 4.403715869270968
85.5 4.405434057455168
85.60000000000001 4.407150906443251
85.7 4.40886641884167
85.80000000000001 4.410580597248775
85.9 4.41229344425484
86.0 4.414004962442103
86.10000000000001 4.415715154384799
86.2 4.417424022649189
86.30000000000001 4.419131569793602
86.4 4.4208377983684635
86.5 4.422542710916331
86.60000000000001 4.4242463099719265
86.7 4.42594859806217
86.80000000000001 4.427649577706209
86.9 4.42934925141546
87.0 4.431047621693634
87.10000000000001 4.432744691036768
87.2 4.434440461933264
87.30000000000001 4.436134936863913
87.4 4.437828118301934
87.5 4.439520008713004
87.60000000000001 4.4412106105552835
87.7 4.442899926279457
87.80000000000001 4.44458795832876
87.9 4.446274709139008
88.0 4.4479601811386305
88.10000000000001 4.449644376748703
88.2 4.451327298382971
88.30000000000001 4.45300894844789
88.4 4.454689329342646
88.5 4.456368443459195
88.60000000000001 4.458046293182285
88.7 4.45972288088949
88.80000000000001 4.461398208951239
88.9 4.463072279730846
89.0 4.464745095584537
89.10000000000001 4.466416658861482
89.2 4.468086971903822
89.30000000000001 4.469756037046699
89.4 4.4714238566182845
89.5 4.4730904329398085
89.60000000000001 4.474755768325587
89.7 4.47641986508305
89.80000000000001 4.478082725512771
89.9 4.4797443519084945
90.0 4.481404746557164
90.10000000000001 4.483063911738949
90.2 4.484721849727272
90.30000000000001 4.486378562788838
90.4 4.48803405318366
90.5 4.489688323165088
90.60000000000001 4.491341374979832
90.7 4.492993210867996
90.80000000000001 4.494643833063096
90.9 4.496293243792092
91.0 4.497941445275415
91.10000000000001 4.499588439726989
91.2 4.501234229354264
91.30000000000001 4.5028788163582325
91.4 4.504522202933464
91.5 4.506164391268128
91.60000000000001 4.507805383544017
91.7 4.509445181936576
91.80000000000001 4.511083788614924
91.9 4.512721205741883
92.0 4.514357435474001
92.10000000000001 4.515992479961577
92.2 4.517626341348687
92.30000000000001 4.519259021773207
92.4 4.52089052336684
92.5 4.522520848255137
92.60000000000001 4.524149998557526
92.7 4.525777976387332
92.80000000000001 4.527404783851803
92.9 4.529030423052134
93.0 4.530654896083492
93.10000000000001 4.532278205035038
93.2 4.533900351989948
93.30000000000001 4.535521339025445
93.4 4.537141168212813
93.5 4.538759841617426
93.60000000000001 4.540377361298769
93.7 4.541993729310462
93.80000000000001 4.543608947700284
93.9 4.545223018510191
94.0 4.546835943776344
94.10000000000001 4.54844772552913
94.2 4.550058365793184
94.30000000000001 4.551667866587411
94.4 4.55327622992501
94.5 4.554883457813493
94.60000000000001 4.556489552254712
94.7 4.558094515244875
94.80000000000001 4.559698348774573
94.9 4.561301054828798
95.0 4.562902635386966
95.10000000000001 4.5645030924229415
95.2 4.5661024279050535
95.30000000000001 4.56770064379612
95.4 4.569297742053467
95.5 4.570893724628956
95.60000000000001 4.572488593468994
95.7 4.574082350514566
95.80000000000001 4.575674997701245
95.9 4.5772665369592245
96.0 4.5788569702133275
96.10000000000001 4.580446299383033
96.2 4.582034526382497
96.30000000000001 4.583621653120571
96.4 4.585207681500821
96.5 4.586792613421551
96.60000000000001 4.58837645077582
96.7 4.5899591954514625
96.80000000000001 4.59154084933111
96.9 4.5931214142922085
97.0 4.594700892207039
97.10000000000001 4.59627928494274
97.2 4.5978565943613185
97.30000000000001 4.599432822319679
97.4 4.601007970669639
97.5 4.602582041257944
97.60000000000001 4.6041550359262935
97.7 4.605726956511356
97.80000000000001 4.607297804844789
97.9 4.6088675827532555
98.0 4.610436292058446
98.10000000000001 4.612003934577097
98.2 4.613570512121005
98.30000000000001 4.615136026497052
98.4 4.616700479507217
98.5 4.618263872948598
98.60000000000001 4.619826208613429
98.7 4.621387488289101
98.80000000000001 4.622947713758174
98.9 4.624506886798401
99.0 4.626065009182741
99.10000000000001 4.627622082679381
99.2 4.629178109051751
99.30000000000001 4.630733090058541
99.4 4.632287027453722
99.5 4.6338399229865574
99.60000000000001 4.635391778401629
99.7 4.636942595438844
99.80000000000001 4.638492375833463
99.9 4.640041121316106
100.0 4.641588833612778
-100.0 9.999000099990002e-05
-99.8 0.00010039112381839648
-99.6 0.00010079466513996349
-99.4 0.00010120064444570383
-99.2 0.00010160908141326038
-99.0 0.00010201999591920016
-98.8 0.00010243340804143228
-98.6 0.00010284933806166024
-98.4 0.00010326780646786924
-98.2 0.00010368883395684885
-98.0 0.00010411244143675169
-97.8 0.00010453865002968898
-97.6 0.00010496748107436318
-97.4 0.0001053989561287385
-97.2 0.00010583309697275009
-97.0 0.00010626992561105207
-96.8 0.00010670946427580556
-96.6 0.00010715173542950702
-96.4 0.00010759676176785782
-96.2 0.00010804456622267553
-96.0 0.00010849517196484756
-95.8 0.00010894860240732833
-95.6 0.00010940488120818
-95.4 0.0001098640322736581
-95.2 0.00011032607976134262
-95.0 0.00011079104808331487
-94.8 0.00011125896190938182
-94.6 0.00011172984617034782
-94.4 0.00011220372606133503
-94.2 0.00011268062704515336
-94.0 0.00011316057485572027
-93.8 0.00011364359550153194
-93.6 0.00011412971526918636
-93.4 0.00011461896072695928
-93.2 0.00011511135872843388
-93.0 0.00011560693641618497
-92.8 0.00011610572122551911
-92.6 0.00011660774088827115
-92.4 0.00011711302343665824
-92.2 0.00011762159720719279
-92.0 0.00011813349084465446
-91.8 0.00011864873330612323
-91.6 0.00011916735386507397
-91.4 0.00011968938211553375
-91.2 0.00012021484797630324
-91.0 0.0001207437816952427
-90.8 0.00012127621385362447
-90.6 0.00012181217537055265
-90.4 0.00012235169750745122
-90.2 0.00012289481187262197
-90.0 0.00012344155042587335
-89.8 0.00012399194548322142
-89.6 0.00012454602972166454
-89.4 0.00012510383618403274
-89.2 0.00012566539828391332
-89.0 0.00012623074981065388
-88.8 0.00012679992493444444
-88.6 0.0001273729582114799
-88.4 0.00012794988458920408
-88.2 0.00012853073941163768
-88.0 0.0001291155584247902
-87.8 0.00012970437778215893
-87.6 0.0001302972340503156
-87.4 0.00013089416421458263
-87.2 0.00013149520568480073
-87.0 0.0001321003963011889
-86.8 0.0001327097743402997
-86.6 0.00013332337852107044
-86.4 0.00013394124801097246
-86.2 0.00013456342243226075
-86.0 0.000135189941868325
-85.8 0.00013582084687014442
-85.6 0.00013645617846284847
-85.4 0.0001370959781523849
-85.2 0.00013774028793229787
-85.0 0.0001383891502906172
-84.8 0.00013904260821686197
-84.6 0.00013970070520915993
-84.4 0.00014036348528148493
-84.2 0.0001410309929710153
-84.0 0.00014170327334561429
-83.8 0.000142380372011436
-83.6 0.0001430623351206588
-83.4 0.0001437492093793484
-83.2 0.0001444410420554538
-83.0 0.00014513788098693758
-82.8 0.0001458397745900444
-82.6 0.00014654677186770932
-82.4 0.00014725892241810928
-82.2 0.0001479762764433606
-82.0 0.00014869888475836432
-81.8 0.00014942679879980395
-81.6 0.00015016007063529724
-81.4 0.0001508987529727054
-81.2 0.00015164289916960348
-81.0 0.00015239256324291374
-80.8 0.00015314779987870696
-80.6 0.00015390866444217347
-80.4 0.00015467521298776827
-80.2 0.00015544750226953352
-80.0 0.0001562255897516013
-79.8 0.00015700953361888134
-79.6 0.0001577993927879366
-79.4 0.00015859522691805066
-79.2 0.00015939709642249155
-79.0 0.00016020506247997436
-78.8 0.00016101918704632844
-78.6 0.00016183953286637236
-78.4 0.00016266616348600092
-78.2 0.00016349914326448928
-78.0 0.00016433853738701725
-77.8 0.00016518441187741997
-77.6 0.00016603683361116831
-77.4 0.00016689587032858456
-77.2 0.0001677615906482979
-77.0 0.00016863406408094435
-76.8 0.00016951336104311743
-76.6 0.0001703995528715733
-76.4 0.0001712927118376967
-76.2 0.00017219291116223325
-76.0 0.00017310022503029253
-75.8 0.00017401472860662927
-75.6 0.00017493649805120745
-75.4 0.00017586561053505351
-75.2 0.0001768021442564055
-75.0 0.00017774617845716317
-74.8 0.0001786977934396466
-74.6 0.00017965707058366994
-74.4 0.00018062409236393586
-74.2 0.00018159894236775964
-74.0 0.00018258170531312764
-73.8 0.00018357246706709942
-73.6 0.00018457131466456013
-73.4 0.00018557833632733048
-73.2 0.00018659362148364317
-73.0 0.0001876172607879925
-72.8 0.0001886493461413663
-72.6 0.00018968997071186855
-72.4 0.00019073922895574083
-72.2 0.00019179721663879214
-72.0 0.00019286403085824494
-71.8 0.00019393977006500863
-71.6 0.0001950245340863881
-71.4 0.00019611842414923823
-71.2 0.00019722154290357442
-71.0 0.00019833399444664816
-70.8 0.00019945588434750004
-70.6 0.00020058731967199966
-70.4 0.0002017284090083838
-70.2 0.000202879262493305
-70.0 0.00020403999183840033
-69.8 0.00020521071035739497
-69.6 0.0002063915329937505
-69.4 0.00020758257634887156
-69.2 0.00020878395871088432
-69.0 0.00020999580008399833
-68.8 0.00021121822221846726
-68.6 0.00021245134864116122
-68.4 0.0002136953046867654
-68.2 0.0002149502175296201
-68.0 0.00021621621621621621
-67.8 0.00021749343169836274
-67.6 0.00021878199686704183
-67.4 0.00022008204658696757
-67.19999999999999 0.00022139371773186573
-67.0 0.00022271714922048998
-66.8 0.0002240524820533962
-66.6 0.00022539985935048778
-66.4 0.00022675942638935496
-66.19999999999999 0.00022813133064442546
-66.0 0.00022951572182694515
-65.8 0.0002309127519258124
-65.6 0.00023232257524928213
-65.4 0.00023374534846756545
-65.19999999999999 0.00023518123065634388
-65.0 0.000236630383341221
-64.8 0.0002380929705431377
-64.6 0.0002395691588247696
-64.4 0.00024105911733793593
-64.19999999999999 0.00024256301787204326
-64.0 0.000244081034903588
-63.8 0.00024561334564674906
-63.6 0.0002471601301050925
-63.4 0.00024872157112442047
-63.199999999999996 0.0002502978544467917
-63.0 0.00025188916876574307
-62.8 0.00025349570578274405
-62.6 0.00025511766026491416
-62.4 0.00025675523010403723
-62.199999999999996 0.0002584086163769045
-62.0 0.0002600780234070221
-61.8 0.0002617636588277176
-61.599999999999994 0.0002634657336466819
-61.4 0.00026518446231198423
-61.199999999999996 0.0002669200627795988
-61.0 0.00026867275658248256
-60.8 0.0002704427689012451
-60.599999999999994 0.0002722303286364528
-60.4 0.0002740356684826097
-60.199999999999996 0.0002758590250038621
-60.0 0.00027770063871146905
-59.8 0.0002795607541430904
-59.599999999999994 0.00028143961994393725
-59.4 0.00028333748894983796
-59.199999999999996 0.0002852546182722699
-59.0 0.0002871912693854107
-58.8 0.0002891477082152647
-58.599999999999994 0.0002911242052309198
-58.4 0.00029312103553799434
-58.199999999999996 0.0002951384789743348
-58.0 0.00029717682020802375
-57.8 0.00029923634883776605
-57.599999999999994 0.0003013173594957153
-57.4 0.00030342015195281214
-57.199999999999996 0.0003055450312267022
-57.0 0.0003076923076923077
-56.8 0.0003098622971951265
-56.599999999999994 0.0003120553211673366
-56.4 0.000314271706746785
-56.199999999999996 0.0003165117868989442
-56.0 0.000318775900541919
-55.8 0.00032106439267459485
-55.599999999999994 0.0003233776145080134
-55.4 0.00032571592360007296
-55.199999999999996 0.00032807968399364845
-55.0 0.00033046926635822867
-54.8 0.000332885048135178
-54.599999999999994 0.0003353274136867238
-54.4 0.0003377967544487833
-54.199999999999996 0.00034029346908774134
-54.0 0.00034281796366129587
-53.8 0.0003453706517834941
-53.599999999999994 0.00034795195479408206
-53.4 0.00035056230193229943
-53.199999999999996 0.00035320213051525133
-53.0 0.00035587188612099647
-52.8 0.0003585720227764949
-52.599999999999994 0.00036130300315056227
-52.4 0.0003640652987519842
-52.199999999999996 0.0003668593901329499
-52.0 0.0003696857670979667
-51.8 0.0003725449289184276
-51.599999999999994 0.0003754373845530043
-51.4 0.0003783636528740503
-51.199999999999996 0.00038132426290019987
-51.0 0.0003843197540353574
-50.8 0.00038735067631428085
-50.599999999999994 0.00039041759065496466
-50.4 0.0003935210691180406
-50.199999999999996 0.0003966616951734206
-50.0 0.00039984006397441024
-49.8 0.00040305678263953835
-49.599999999999994 0.000406312470542346
-49.4 0.0004096077596093981
-49.199999999999996 0.00041294329462678194
-49.0 0.00041631973355537054
-48.8 0.00041973774785514017
-48.599999999999994 0.0004231980228188375
-48.4 0.00042670125791530834
-48.199999999999996 0.000430248167142808
-48.0 0.0004338394793926247
-47.8 0.0004374759388233648
-47.599999999999994 0.0004411583052462547
-47.4 0.0004448873545218351
-47.199999999999996 0.0004486638789684321
-47.0 0.00045248868778280545
-46.8 0.0004563626074733941
-46.599999999999994 0.00046028648230658775
-46.4 0.0004642611747664766
-46.199999999999996 0.0004682875660285469
-46.0 0.0004723665564478035
-45.8 0.00047649906606183056
-45.599999999999994 0.00048068603510930806
-45.4 0.00048492842456453433
-45.199999999999996 0.000489227216688519
-45.0 0.0004935834155972359
-44.8 0.0004979980478476525
-44.599999999999994 0.0005024721630421677
-44.4 0.0005070068344521284
-44.199999999999996 0.0005116031596611142
-44.0 0.0005162622612287042
-43.8 0.0005209852873754846
-43.599999999999994 0.0005257734126900672
-43.4 0.0005306278388589379
-43.199999999999996 0.0005355497954199783
-43.0 0.0005405405405405405
-42.8 0.0005456013618209992
-42.599999999999994 0.0005507335771247302
-42.4 0.0005559385354355223
-42.199999999999996 0.0005612176177434564
-42.0 0.0005665722379603399
-41.8 0.0005720038438658308
-41.599999999999994 0.000577513918085426
-41.4 0.0005831039791015535
-41.199999999999996 0.000588775582299051
-41.0 0.0005945303210463733
-40.8 0.0006003698278139334
-40.599999999999994 0.0006062957753310377
-40.4 0.0006123098777829484
-40.199999999999996 0.0006184138920496711
-40.0 0.0006246096189881324
-39.8 0.0006308989047595014
-39.599999999999994 0.000637283642203472
-39.4 0.0006437657722614204
-39.199999999999996 0.0006503472854504307
-39.0 0.000657030223390276
-38.8 0.0006638166803855448
-38.599999999999994 0.0006707088050651931
-38.4 0.0006777088020819215
-38.199999999999996 0.0006848189338738838
-38.0 0.0006920415224913495
-37.8 0.0006993789514910761
-37.599999999999994 0.0007068336679012697
-37.4 0.0007144081842601589
-37.199999999999996 0.0007221050807313482
-37.0 0.00072992700729927
-36.8 0.0007378766860482277
-36.599999999999994 0.0007459569135286749
-36.4 0.0007541705632145767
-36.199999999999996 0.0007625205880558778
-36.0 0.0007710100231303007
-35.8 0.0007796419883989272
-35.599999999999994 0.0007884196915702168
-35.39999999999999 0.0007973464310773749
-35.2 0.00080642559917422
-35.0 0.0008156606851549756
-34.8 0.0008250552787036733
-34.599999999999994 0.0008346130733791816
-34.39999999999999 0.0008443378702421565
-34.2 0.000854233581630561
-34.0 0.000864304235090752
-33.8 0.0008745539774714896
-33.599999999999994 0.0008849870791886442
-33.39999999999999 0.0008956079386687688
-33.2 0.0009064210869801673
-33.0 0.0009174311926605505
-32.8 0.0009286430667508637
-32.599999999999994 0.0009400616680454242
-32.39999999999999 0.0009516921085690362
-32.2 0.0009635396592923764
-32.0 0.000975609756097561
-31.799999999999997 0.000987908006006481
-31.599999999999994 0.001000440193685222
-31.39999999999999 0.0010132122882386323
-31.200000000000003 0.0010262304503099215
-31.0 0.0010395010395010396
-30.799999999999997 0.0010530306221304916
-30.599999999999994 0.0010668259793462495
-30.39999999999999 0.0010808941156124352
-30.200000000000003 0.0010952422675895906
-30.0 0.0011098779134295228
-29.799999999999997 0.001124808782506974
-29.599999999999994 0.0011400428656117474
-29.39999999999999 0.0011555884256263297
-29.200000000000003 0.0011714540087156176
-29.0 0.0011876484560570072
-28.799999999999997 0.0012041809161408411
-28.599999999999994 0.0012210608576731469
-28.39999999999999 0.001238298083114568
-28.200000000000003 0.0012559027428915902
-28.0 0.0012738853503184713
-27.799999999999997 0.001292256797270754
-27.599999999999994 0.0013110283706539415
-27.39999999999999 0.0013302117697137393
-27.200000000000003 0.001349819124237352
-27.0 0.0013698630136986301
-26.799999999999997 0.0013903564874033704
-26.599999999999994 0.0014113130856949312
-26.39999999999999 0.0014327468622843725
-26.200000000000003 0.001454672407773769
-26.0 0.0014771048744460858
-25.799999999999997 0.0015000600024000963
-25.599999999999994 0.0015235541471143891
-25.39999999999999 0.001547604308530396
-25.200000000000003 0.0015722281617508327
-25.0 0.001597444089456869
-24.799999999999997 0.0016232712161547956
-24.599999999999994 0.0016497294443711238
-24.39999999999999 0.0016768394929237386
-24.200000000000003 0.0017046229374062455
-24.0 0.0017331022530329288
-23.799999999999997 0.0017623008600028203
-23.599999999999994 0.0017922431715535173
-23.39999999999999 0.0018229546448884364
-23.19999999999999 0.001854461835175434
-23.0 0.0018867924528301887
-22.799999999999997 0.0019199754243145691
-22.599999999999994 0.0019540409566984533
-22.39999999999999 0.0019890206062534825
-22.19999999999999 0.0020249473513688663
-22.0 0.002061855670103093
-21.799999999999997 0.0020997816227112387
-21.599999999999994 0.0021387629395157853
-21.39999999999999 0.0021788391145197857
-21.19999999999999 0.0022200515051949226
-21.0 0.0022624434389140274
-20.799999999999997 0.002306060326538143
-20.599999999999994 0.002350949783712621
-20.39999999999999 0.0023971617604755992
-20.19999999999999 0.0024447486798357156
-20.0 0.0024937655860349127
-19.799999999999997 0.0025442703032770206
-19.599999999999994 0.0025963236057742253
-19.39999999999999 0.002649989400042402
-19.19999999999999 0.0027053349204631564
-19.0 0.0027624309392265192
-18.799999999999997 0.002821351991874507
-18.599999999999994 0.002882176619783262
-18.39999999999999 0.0029449876310519525
-18.19999999999999 0.003009872381411032
-18.0 0.003076923076923077
-17.799999999999997 0.003146237100427889
-17.599999999999994 0.0032179173638820975
-17.39999999999999 0.0032920726889649754
-17.19999999999999 0.0033688182185689303
-17.0 0.0034482758620689655
-16.799999999999997 0.0035305747775737904
-16.599999999999994 0.003615851894706395
-16.39999999999999 0.0037042524818491672
-16.19999999999999 0.003795930762222902
-16.0 0.0038910505836575876
-15.799999999999997 0.0039897861474624974
-15.599999999999994 0.0040923228024226585
-15.399999999999991 0.004198857910648308
-15.199999999999989 0.0043096017927943524
-15.0 0.004424778761061947
-14.799999999999997 0.0045446282494092
-14.599999999999994 0.004669406051550247
-14.399999999999991 0.004799385678633141
-14.199999999999989 0.004934859849980268
-14.0 0.005076142131979695
-13.799999999999997 0.00522356874216465
-13.599999999999994 0.005377500537750058
-13.399999999999991 0.005538325210456365
-13.199999999999989 0.00570645971239444
-13.0 0.0058823529411764705
-12.799999999999997 0.00606648871633099
-12.599999999999994 0.006259389083625444
-12.399999999999991 0.0064616179891444905
-12.199999999999989 0.006673785371062479
-12.0 0.006896551724137931
-11.799999999999997 0.007130633200228184
-11.599999999999994 0.007376807317792867
-11.399999999999991 0.00763591936469152
-11.199999999999989 0.007908889591901313
-11.0 0.00819672131147541
-10.799999999999997 0.00850051003060184
-10.599999999999994 0.008821453775582225
-10.399999999999991 0.009160864785635778
-10.199999999999989 0.009520182787509542
-10.0 0.009900990099009901
-9.799999999999997 0.010305028854080796
-9.599999999999994 0.010734220695577513
-9.399999999999991 0.011190689346463762
-9.199999999999989 0.011676786548341925
-9.0 0.012195121951219513
-8.799999999999997 0.012748597654258039
-8.599999999999994 0.013340448239060849
-8.399999999999991 0.013974287311347148
-8.199999999999989 0.014654161781946113
-8.0 0.015384615384615385
-7.799999999999997 0.016170763260025884
-7.599999999999994 0.017018379850238283
-7.3999999999999915 0.0179340028694405
-7.199999999999989 0.018925056775170385
-7.0 0.02
-6.799999999999997 0.021168501270110093
-6.599999999999994 0.022441651705565568
-6.3999999999999915 0.02383222116301245
-6.199999999999989 0.025354969574036604
-6.0 0.02702702702702703
-5.799999999999997 0.02886836027713629
-5.599999999999994 0.030902348578492028
-5.3999999999999915 0.033156498673740153
-5.199999999999989 0.035663338088445226
-5.0 0.038461538461538464
-4.799999999999997 0.04159733777038274
-4.599999999999994 0.045126353790613825
-4.3999999999999915 0.049115913555992326
-4.199999999999989 0.05364806866952817
-4.0 0.058823529411764705
-3.799999999999997 0.06476683937823843
-3.5999999999999943 0.07163323782234979
-3.3999999999999915 0.07961783439490483
-3.1999999999999886 0.08896797153024968
-3.0 0.1
-2.799999999999997 0.11312217194570157
-2.5999999999999943 0.12886597938144378
-2.3999999999999915 0.14792899408284113
-2.1999999999999886 0.17123287671233023
-2.0 0.2
-1.7999999999999972 0.23584905660377417
-1.5999999999999943 0.2808988764044958
-1.3999999999999915 0.3378378378378406
-1.1999999999999886 0.40983606557377505
-1.0 0.5
-0.7999999999999972 0.6097560975609773
-0.5999999999999943 0.7352941176470625
-0.3999999999999915 0.8620689655172464
-0.19999999999998863 0.9615384615384658
0.0 1.0
0.20000000000000284 0.9615384615384605
0.4000000000000057 0.862068965517238
0.6000000000000085 0.7352941176470532
0.8000000000000114 0.6097560975609688
1.0 0.5
1.2000000000000028 0.4098360655737694
1.4000000000000057 0.337837837837836
1.6000000000000085 0.28089887640449224
1.8000000000000114 0.2358490566037713
2.0 0.2
2.200000000000003 0.1712328767123284
2.4000000000000057 0.14792899408283963
2.6000000000000085 0.12886597938144256
2.8000000000000114 0.11312217194570054
3.0 0.1
3.200000000000003 0.08896797153024896
3.4000000000000057 0.07961783439490422
3.6000000000000085 0.07163323782234926
3.8000000000000114 0.06476683937823798
4.0 0.058823529411764705
4.200000000000003 0.05364806866952782
4.400000000000006 0.04911591355599202
4.6000000000000085 0.04512635379061356
4.800000000000011 0.041597337770382506
5.0 0.038461538461538464
5.200000000000003 0.03566333808844504
5.400000000000006 0.03315649867373999
5.6000000000000085 0.030902348578491872
5.800000000000011 0.02886836027713615
6.0 0.02702702702702703
6.200000000000003 0.02535496957403649
6.400000000000006 0.02383222116301235
6.6000000000000085 0.02244165170556547
6.800000000000011 0.02116850127011001
7.0 0.02
7.200000000000003 0.018925056775170312
7.400000000000006 0.017934002869440434
7.6000000000000085 0.01701837985023822
7.800000000000011 0.01617076326002583
8.0 0.015384615384615385
8.200000000000003 0.014654161781946062
8.400000000000006 0.013974287311347101
8.600000000000009 0.013340448239060805
8.800000000000011 0.012748597654257999
9.0 0.012195121951219513
9.200000000000003 0.011676786548341889
9.400000000000006 0.011190689346463728
9.600000000000009 0.010734220695577482
9.800000000000011 0.010305028854080769
10.0 0.009900990099009901
10.200000000000003 0.009520182787509514
10.400000000000006 0.009160864785635754
10.600000000000009 0.0088214537755822
10.800000000000011 0.008500510030601819
11.0 0.00819672131147541
11.200000000000003 0.007908889591901292
11.400000000000006 0.0076359193646915015
11.600000000000009 0.0073768073177928484
11.800000000000011 0.0071306332002281664
12.0 0.006896551724137931
12.200000000000003 0.0066737853710624635
12.400000000000006 0.006461617989144477
12.600000000000009 0.006259389083625429
12.800000000000011 0.006066488716330977
13.0 0.0058823529411764705
13.200000000000003 0.005706459712394429
13.400000000000006 0.005538325210456354
13.600000000000009 0.005377500537750047
13.800000000000011 0.005223568742164638
14.0 0.005076142131979695
14.200000000000003 0.004934859849980259
14.400000000000006 0.004799385678633131
14.600000000000009 0.004669406051550237
14.800000000000011 0.004544628249409191
15.0 0.004424778761061947
15.200000000000003 0.004309601792794345
15.400000000000006 0.004198857910648301
15.600000000000009 0.004092322802422651
15.800000000000011 0.0039897861474624905
16.0 0.0038910505836575876
16.200000000000003 0.0037959307622228954
16.400000000000006 0.00370425248184916
16.60000000000001 0.003615851894706389
16.80000000000001 0.003530574777573784
17.0 0.0034482758620689655
17.200000000000003 0.003368818218568925
17.400000000000006 0.0032920726889649698
17.60000000000001 0.0032179173638820927
17.80000000000001 0.003146237100427884
18.0 0.003076923076923077
18.200000000000003 0.003009872381411027
18.400000000000006 0.0029449876310519477
18.60000000000001 0.0028821766197832575
18.80000000000001 0.002821351991874503
19.0 0.0027624309392265192
19.200000000000003 0.0027053349204631525
19.400000000000006 0.0026499894000423982
19.60000000000001 0.002596323605774222
19.80000000000001 0.002544270303277017
20.0 0.0024937655860349127
20.200000000000003 0.002444748679835712
20.400000000000006 0.0023971617604755953
20.60000000000001 0.002350949783712618
20.80000000000001 0.0023060603265381394
21.0 0.0022624434389140274
21.200000000000003 0.00222005150519492
21.400000000000006 0.0021788391145197827
21.60000000000001 0.0021387629395157827
21.80000000000001 0.0020997816227112357
22.0 0.002061855670103093
22.200000000000003 0.0020249473513688637
22.400000000000006 0.00198902060625348
22.60000000000001 0.0019540409566984507
22.80000000000001 0.001919975424314567
23.0 0.0018867924528301887
23.200000000000003 0.0018544618351754316
23.400000000000006 0.0018229546448884342
23.60000000000001 0.001792243171553515
23.80000000000001 0.0017623008600028182
24.0 0.0017331022530329288
24.200000000000003 0.0017046229374062455
24.400000000000006 0.0016768394929237366
24.60000000000001 0.0016497294443711219
24.80000000000001 0.0016232712161547938
25.0 0.001597444089456869
25.200000000000003 0.0015722281617508327
25.400000000000006 0.0015476043085303941
25.60000000000001 0.0015235541471143874
25.80000000000001 0.0015000600024000948
26.0 0.0014771048744460858
26.200000000000003 0.001454672407773769
26.400000000000006 0.001432746862284371
26.60000000000001 0.0014113130856949299
26.80000000000001 0.0013903564874033691
27.0 0.0013698630136986301
27.200000000000003 0.001349819124237352
27.400000000000006 0.0013302117697137378
27.60000000000001 0.0013110283706539402
27.80000000000001 0.0012922567972707525
28.0 0.0012738853503184713
28.200000000000017 0.001255902742891589
28.400000000000006 0.001238298083114567
28.599999999999994 0.0012210608576731469
28.80000000000001 0.00120418091614084
29.0 0.0011876484560570072
29.200000000000017 0.0011714540087156165
29.400000000000006 0.0011555884256263284
29.599999999999994 0.0011400428656117474
29.80000000000001 0.001124808782506973
30.0 0.0011098779134295228
30.200000000000017 0.0010952422675895896
30.400000000000006 0.0010808941156124343
30.599999999999994 0.0010668259793462495
30.80000000000001 0.0010530306221304907
31.0 0.0010395010395010396
31.200000000000017 0.0010262304503099204
31.400000000000006 0.0010132122882386314
31.599999999999994 0.001000440193685222
31.80000000000001 0.00098790800600648
32.0 0.000975609756097561
32.20000000000002 0.0009635396592923755
32.400000000000006 0.0009516921085690353
32.599999999999994 0.0009400616680454242
32.80000000000001 0.0009286430667508629
33.0 0.0009174311926605505
33.20000000000002 0.0009064210869801666
33.400000000000006 0.000895607938668768
33.599999999999994 0.0008849870791886442
33.80000000000001 0.000874553977471489
34.0 0.000864304235090752
34.20000000000002 0.0008542335816305602
34.400000000000006 0.0008443378702421558
34.599999999999994 0.0008346130733791816
34.80000000000001 0.0008250552787036725
35.0 0.0008156606851549756
35.20000000000002 0.0008064255991742195
35.400000000000006 0.0007973464310773743
35.599999999999994 0.0007884196915702168
35.80000000000001 0.0007796419883989267
36.0 0.0007710100231303007
36.20000000000002 0.0007625205880558768
36.400000000000006 0.0007541705632145763
36.599999999999994 0.0007459569135286749
36.80000000000001 0.0007378766860482272
37.0 0.00072992700729927
37.20000000000002 0.0007221050807313474
37.400000000000006 0.0007144081842601587
37.599999999999994 0.0007068336679012697
37.80000000000001 0.0006993789514910756
38.0 0.0006920415224913495
38.20000000000002 0.0006848189338738831
38.400000000000006 0.0006777088020819212
38.599999999999994 0.0006707088050651931
38.80000000000001 0.0006638166803855443
39.0 0.000657030223390276
39.20000000000002 0.00065034728545043
39.400000000000006 0.0006437657722614202
39.599999999999994 0.000637283642203472
39.80000000000001 0.000630898904759501
40.0 0.0006246096189881324
40.20000000000002 0.0006184138920496705
40.400000000000006 0.0006123098777829482
40.599999999999994 0.0006062957753310377
40.80000000000001 0.000600369827813933
41.0 0.0005945303210463733
41.20000000000002 0.0005887755822990504
41.400000000000006 0.0005831039791015533
41.599999999999994 0.000577513918085426
41.80000000000001 0.0005720038438658305
42.0 0.0005665722379603399
42.20000000000002 0.0005612176177434557
42.400000000000006 0.0005559385354355222
42.599999999999994 0.0005507335771247302
42.80000000000001 0.0005456013618209988
43.0 0.0005405405405405405
43.20000000000002 0.0005355497954199778
43.400000000000006 0.0005306278388589378
43.599999999999994 0.0005257734126900672
43.80000000000001 0.0005209852873754843
44.0 0.0005162622612287042
44.20000000000002 0.0005116031596611137
44.400000000000006 0.0005070068344521282
44.599999999999994 0.0005024721630421677
44.80000000000001 0.0004979980478476522
45.0 0.0004935834155972359
45.20000000000002 0.0004892272166885184
45.400000000000006 0.0004849284245645342
45.599999999999994 0.00048068603510930806
45.80000000000001 0.00047649906606183023
46.0 0.0004723665564478035
46.20000000000002 0.0004682875660285465
46.400000000000006 0.0004642611747664765
46.599999999999994 0.00046028648230658775
46.80000000000001 0.00045636260747339383
47.0 0.00045248868778280545
47.20000000000002 0.0004486638789684317
47.400000000000006 0.00044488735452183494
47.599999999999994 0.0004411583052462547
47.80000000000001 0.00043747593882336453
48.0 0.0004338394793926247
48.20000000000002 0.00043024816714280767
48.400000000000006 0.0004267012579153083
48.599999999999994 0.0004231980228188375
48.80000000000001 0.00041973774785513995
49.0 0.00041631973355537054
49.20000000000002 0.00041294329462678156
49.400000000000006 0.00040960775960939793
49.599999999999994 0.000406312470542346
49.80000000000001 0.00040305678263953803
50.0 0.00039984006397441024
50.20000000000002 0.0003966616951734202
50.400000000000006 0.0003935210691180405
50.599999999999994 0.00039041759065496466
50.80000000000001 0.0003873506763142807
51.0 0.0003843197540353574
51.20000000000002 0.00038132426290019955
51.400000000000006 0.00037836365287405023
51.599999999999994 0.0003754373845530043
51.80000000000001 0.0003725449289184274
52.0 0.0003696857670979667
52.20000000000002 0.0003668593901329496
52.400000000000006 0.00036406529875198404
52.599999999999994 0.00036130300315056227
52.80000000000001 0.00035857202277649476
53.0 0.00035587188612099647
53.20000000000002 0.00035320213051525106
53.400000000000006 0.0003505623019322994
53.60000000000002 0.00034795195479408173
53.80000000000001 0.0003453706517834939
54.0 0.00034281796366129587
54.20000000000002 0.00034029346908774107
54.400000000000006 0.0003377967544487832
54.60000000000002 0.00033532741368672345
54.80000000000001 0.0003328850481351778
55.0 0.00033046926635822867
55.20000000000002 0.0003280796839936482
55.400000000000006 0.00032571592360007285
55.60000000000002 0.00032337761450801307
55.80000000000001 0.0003210643926745947
56.0 0.000318775900541919
56.20000000000002 0.0003165117868989439
56.400000000000006 0.00031427170674678493
56.60000000000002 0.00031205532116733626
56.80000000000001 0.00030986229719512636
57.0 0.0003076923076923077
57.20000000000002 0.000305545031226702
57.400000000000006 0.00030342015195281203
57.60000000000002 0.00030131735949571505
57.80000000000001 0.0002992363488377659
58.0 0.00029717682020802375
58.20000000000002 0.00029513847897433455
58.400000000000006 0.0002931210355379943
58.60000000000002 0.00029112420523091947
58.80000000000001 0.00028914770821526455
59.0 0.0002871912693854107
59.20000000000002 0.0002852546182722697
59.400000000000006 0.0002833374889498379
59.60000000000002 0.00028143961994393703
59.80000000000001 0.00027956075414309025
60.0 0.00027770063871146905
60.20000000000002 0.00027585902500386187
60.400000000000006 0.00027403566848260965
60.60000000000002 0.0002722303286364525
60.80000000000001 0.00027044276890124505
61.0 0.00026867275658248256
61.20000000000002 0.00026692006277959866
61.400000000000006 0.0002651844623119842
61.60000000000002 0.0002634657336466817
61.80000000000001 0.0002617636588277175
62.0 0.0002600780234070221
62.20000000000002 0.00025840861637690433
62.400000000000006 0.0002567552301040372
62.60000000000002 0.000255117660264914
62.80000000000001 0.00025349570578274395
63.0 0.00025188916876574307
63.20000000000002 0.00025029785444679155
63.400000000000006 0.0002487215711244204
63.60000000000002 0.0002471601301050923
63.80000000000001 0.00024561334564674896
64.0 0.000244081034903588
64.20000000000002 0.00024256301787204304
64.4 0.00024105911733793593
64.60000000000002 0.00023956915882476939
64.80000000000001 0.00023809297054313758
65.0 0.000236630383341221
65.20000000000002 0.00023518123065634369
65.4 0.00023374534846756545
65.60000000000002 0.00023232257524928194
65.80000000000001 0.00023091275192581228
66.0 0.00022951572182694515
66.20000000000002 0.00022813133064442527
66.4 0.00022675942638935496
66.60000000000002 0.0002253998593504876
66.80000000000001 0.00022405248205339612
67.0 0.00022271714922048998
67.20000000000002 0.00022139371773186554
67.4 0.00022008204658696757
67.60000000000002 0.00021878199686704166
67.80000000000001 0.0002174934316983626
68.0 0.00021621621621621621
68.20000000000002 0.00021495021752962002
68.4 0.0002136953046867654
68.60000000000002 0.00021245134864116106
68.80000000000001 0.00021121822221846717
69.0 0.00020999580008399833
69.20000000000002 0.00020878395871088424
69.4 0.00020758257634887156
69.60000000000002 0.00020639153299375031
69.80000000000001 0.0002052107103573949
70.0 0.00020403999183840033
70.20000000000002 0.00020287926249330486
70.4 0.0002017284090083838
70.60000000000002 0.0002005873196719995
70.80000000000001 0.00019945588434749998
71.0 0.00019833399444664816
71.20000000000002 0.00019722154290357437
71.4 0.00019611842414923823
71.60000000000002 0.00019502453408638796
71.80000000000001 0.00019393977006500855
72.0 0.00019286403085824494
72.20000000000002 0.00019179721663879204
72.4 0.00019073922895574083
72.60000000000002 0.0001896899707118684
72.80000000000001 0.0001886493461413662
73.0 0.0001876172607879925
73.20000000000002 0.00018659362148364312
73.4 0.00018557833632733048
73.60000000000002 0.00018457131466455997
73.80000000000001 0.00018357246706709936
74.0 0.00018258170531312764
74.20000000000002 0.00018159894236775958
74.4 0.00018062409236393586
74.60000000000002 0.00017965707058366977
74.80000000000001 0.00017869779343964655
75.0 0.00017774617845716317
75.20000000000002 0.00017680214425640545
75.4 0.00017586561053505351
75.60000000000002 0.0001749364980512073
75.80000000000001 0.0001740147286066292
76.0 0.00017310022503029253
76.20000000000002 0.0001721929111622332
76.4 0.0001712927118376967
76.60000000000002 0.00017039955287157318
76.80000000000001 0.00016951336104311737
77.0 0.00016863406408094435
77.20000000000002 0.00016776159064829782
77.4 0.00016689587032858456
77.60000000000002 0.0001660368336111682
77.80000000000001 0.0001651844118774199
78.0 0.00016433853738701725
78.20000000000002 0.00016349914326448922
78.4 0.00016266616348600092
78.60000000000002 0.00016183953286637225
78.80000000000001 0.00016101918704632842
79.0 0.00016020506247997436
79.20000000000002 0.0001593970964224915
79.4 0.00015859522691805066
79.60000000000002 0.00015779939278793645
79.80000000000001 0.0001570095336188813
80.0 0.0001562255897516013
80.20000000000002 0.00015544750226953346
80.4 0.00015467521298776827
80.60000000000002 0.00015390866444217336
80.80000000000001 0.0001531477998787069
81.0 0.00015239256324291374
81.20000000000002 0.00015164289916960342
81.4 0.0001508987529727054
81.60000000000002 0.00015016007063529713
81.80000000000001 0.00014942679879980392
82.0 0.00014869888475836432
82.20000000000002 0.00014797627644336055
82.4 0.00014725892241810928
82.60000000000002 0.0001465467718677092
82.80000000000001 0.00014583977459004435
83.0 0.00014513788098693758
83.20000000000002 0.00014444104205545375
83.4 0.0001437492093793484
83.60000000000002 0.0001430623351206587
83.80000000000001 0.00014238037201143595
84.0 0.00014170327334561429
84.20000000000002 0.00014103099297101525
84.4 0.00014036348528148493
84.60000000000002 0.00013970070520915982
84.80000000000001 0.00013904260821686194
85.0 0.0001383891502906172
85.20000000000002 0.00013774028793229784
85.4 0.0001370959781523849
85.60000000000002 0.00013645617846284836
85.80000000000001 0.00013582084687014436
86.0 0.000135189941868325
86.20000000000002 0.00013456342243226073
86.4 0.00013394124801097246
86.60000000000002 0.00013332337852107036
86.80000000000001 0.00013270977434029968
87.0 0.0001321003963011889
87.20000000000002 0.00013149520568480068
87.4 0.00013089416421458263
87.60000000000002 0.0001302972340503155
87.80000000000001 0.00012970437778215887
88.0 0.0001291155584247902
88.20000000000002 0.00012853073941163762
88.4 0.00012794988458920408
88.60000000000002 0.0001273729582114798
88.80000000000001 0.00012679992493444441
89.0 0.00012623074981065388
89.20000000000002 0.00012566539828391327
89.4 0.00012510383618403274
89.60000000000002 0.00012454602972166446
89.80000000000001 0.0001239919454832214
90.0 0.00012344155042587335
90.20000000000002 0.00012289481187262194
90.4 0.00012235169750745122
90.60000000000002 0.00012181217537055257
90.80000000000001 0.00012127621385362445
91.0 0.0001207437816952427
91.20000000000002 0.00012021484797630321
91.4 0.00011968938211553375
91.60000000000002 0.00011916735386507389
91.80000000000001 0.0001186487333061232
92.0 0.00011813349084465446
92.20000000000002 0.00011762159720719275
92.4 0.00011711302343665824
92.60000000000002 0.00011660774088827108
92.80000000000001 0.00011610572122551909
93.0 0.00011560693641618497
93.20000000000002 0.00011511135872843384
93.4 0.00011461896072695928
93.60000000000002 0.00011412971526918629
93.80000000000001 0.00011364359550153188
94.0 0.00011316057485572027
94.20000000000002 0.00011268062704515335
94.4 0.00011220372606133503
94.60000000000002 0.00011172984617034775
94.80000000000001 0.00011125896190938176
95.0 0.00011079104808331487
95.20000000000002 0.00011032607976134259
95.4 0.0001098640322736581
95.60000000000002 0.00010940488120817994
95.80000000000001 0.00010894860240732829
96.0 0.00010849517196484756
96.20000000000002 0.00010804456622267547
96.4 0.00010759676176785782
96.60000000000002 0.00010715173542950696
96.80000000000001 0.00010670946427580553
97.0 0.00010626992561105207
97.20000000000002 0.00010583309697275005
97.4 0.0001053989561287385
97.60000000000002 0.00010496748107436313
97.80000000000001 0.00010453865002968895
98.0 0.00010411244143675169
98.20000000000002 0.00010368883395684882
98.4 0.00010326780646786924
98.60000000000002 0.00010284933806166019
98.80000000000001 0.00010243340804143224
99.0 0.00010201999591920016
99.20000000000002 0.00010160908141326037
99.4 0.00010120064444570383
99.60000000000002 0.00010079466513996342
99.80000000000001 0.00010039112381839645
100.0 9.999000099990002e-05
0.0 1.0
10.0 201.0
20.0 801.0
30.0 1801.0
40.0 3201.0
50.0 5001.0
60.0 7201.0
70.0 9801.0
80.0 12801.0
90.0 16201.0
100.0 20001.0
110.0 24201.0
120.0 28801.0
130.0 33801.0
140.0 39201.0
150.0 45001.0
160.0 51201.0
170.0 57801.0
180.0 64801.0
190.0 72201.0
200.0 80001.0
210.0 88201.0
220.0 96801.0
230.0 105801.0
240.0 115201.0
250.0 125001.0
260.0 135201.0
270.0 145801.0
280.0 156801.0
290.0 168201.0
300.0 180001.0
310.0 192201.0
320.0 204801.0
330.0 217801.0
340.0 231201.0
350.0 245001.0
360.0 259201.0
370.0 273801.0
380.0 288801.0
390.0 304201.0
400.0 320001.0
410.0 336201.0
420.0 352801.0
430.0 369801.0
440.0 387201.0
450.0 405001.0
460.0 423201.0
470.0 441801.0
480.0 460801.0
490.0 480201.0
500.0 500001.0
510.0 520201.0
520.0 540801.0
530.0 561801.0
540.0 583201.0
550.0 605001.0
560.0 627201.0
570.0 649801.0
580.0 672801.0
590.0 696201.0
600.0 720001.0
610.0 744201.0
620.0 768801.0
630.0 793801.0
640.0 819201.0
650.0 845001.0
660.0 871201.0
670.0 897801.0
680.0 924801.0
690.0 952201.0
700.0 980001.0
710.0 1008201.0
720.0 1036801.0
730.0 1065801.0
740.0 1095201.0
750.0 1125001.0
760.0 1155201.0
770.0 1185801.0
780.0 1216801.0
790.0 1248201.0
800.0 1280001.0
810.0 1312201.0
820.0 1344801.0
830.0 1377801.0
840.0 1411201.0
850.0 1445001.0
860.0 1479201.0
870.0 1513801.0
880.0 1548801.0
890.0 1584201.0
900.0 1620001.0
910.0 1656201.0
920.0 1692801.0
930.0 1729801.0
940.0 1767201.0
950.0 1805001.0
960.0 1843201.0
970.0 1881801.0
980.0 1920801.0
990.0 1960201.0
1000.0 2000001.0
